0 3.42432 0
1 23.3208 -0.182547
2 25.5728 -2055.73
3 -7.9673 -12.3286
4 -7.6668 -2067.78
5 31.254 12.4359
6 -36.5995 -2049.91
7 49.9043 -11.6645
8 42.629 -7.88175
9 -20.4402 20.779
10 -49.4295 -11.6266
11 -37.9264 -16.0879
12 -28.4846 -19.7396
13 25.5677 11.292
14 38.7199 31.0238
15 10.018 -7.88446
16 -13.0306 -13.0263
17 5.18224 -63.2525
18 36.395 -14.9089
19 -5.20761 17.0327
20 3.24245 4.82935
21 -8.90212 26.1541
22 12.0707 34.5713
23 -19.4905 46.1556
24 -37.5213 -38.7885
25 -31.1596 -11.4029
26 -13.3246 -0.0803719
27 -3.28209 -18.0074
28 -22.7613 -24.2923
29 -41.221 1.13872
30 -8.36716 -18.8694
31 -24.1291 -4.43562
32 -8.70663 8.17455
33 -7.57781 -33.6341
34 5.49134 -32.6929
35 35.9653 2.70662
36 -28.9152 16.2348
37 39.2912 70.9764
38 -7.87464 -4.86633
39 1.47114 40.3314
40 71.7948 21.7874
41 38.1751 6.94083
42 22.2504 6.55606
43 -5.31893 -23.3537
44 5.28158 4.94329
45 -23.6567 -2.61093
46 25.8704 -5.46277
47 35.8541 -28.4714
48 -7.01364 -9.78689
49 2.22426 -20.8991
50 -10.8638 -5.67578
51 -22.6402 -4.154
52 -5.31938 -16.2996
53 -44.4378 34.8492
54 18.2411 -19.1912
55 26.886 -0.659915
56 33.2126 -5.08129
57 20.4083 2.43618
58 -9.20463 -17.063
59 -37.7155 -36.3898
60 -10.7124 7.30948
61 27.2772 14.9261
62 15.5343 0.694621
63 41.1042 -1.90624
64 -15.3964 27.6354
65 41.8609 14.6144
66 -13.2641 -15.3767
67 -44.9116 16.9893
68 -31.517 5.52497
69 -19.2353 -39.4171
70 45.546 7.16999
71 43.2834 -11.2193
72 16.8357 -35.0112
73 -59.1026 -53.2637
74 -31.2193 68.0986
75 20.5021 14.9488
76 -19.4757 79.0967
77 -19.785 2.75125
78 -7.54656 33.1322
79 21.0929 -5.03579
80 13.7512 7.90353
81 -3.1669 29.5008
82 6.69211 27.354
83 -0.873769 -12.286
84 34.0433 1.0895
85 6.90914 -26.6924
86 30.8627 16.338
87 -1.59838 9.55396
88 48.9678 24.0581
89 21.9501 29.749
90 -42.4815 10.2324
91 -20.4039 -11.3123
92 -31.7727 -17.4092
93 -53.7008 -13.5826
94 -24.7985 12.7699
95 8.21989 8.31027
96 1.54663 -34.4864
97 31.1148 32.9778
98 -3.29815 -37.9832
99 0.0915555 26.1309
100 -6.85003 -41.956
101 -14.2352 7.96173
102 21.4596 3.3868
103 -22.1136 -13.0069
104 43.7198 -27.5123
105 -57.9973 -13.3657
106 -8.82159 -4.19333
107 22.7375 14.4138
108 27.8758 -76.771
109 -15.5288 -11.1608
110 28.0536 -20.9825
111 3.42714 17.8304
112 -3.49896 24.6802
113 6.81998 -45.849
114 13.8373 11.9926
115 -40.2259 -36.5786
116 9.0384 -28.2108
117 -12.0312 -48.2855
118 7.44919 0.743798
119 20.107 37.2771
120 -36.5412 -13.003
121 23.9654 5.25394
122 25.543 -47.6972
123 43.9996 32.5329
124 65.1704 2.46585
125 47.0683 21.3694
126 2.89354 -46.0101
127 -15.0244 1.35806
128 34.2309 -14.3551
129 8.78828 -23.0409
130 19.1189 31.6179
131 -2.72798 -56.1238
132 -21.1809 51.9128
133 -38.7758 15.5687
134 -32.3318 -13.6765
135 -10.445 -56.2392
136 -15.0318 -34.9642
137 -8.77278 16.3826
138 -21.1721 -2.04265
139 -16.1395 -28.0529
140 3.22854 24.6038
141 20.0212 -28.726
142 -12.5096 -8.0928
143 -14.4274 -41.9789
144 -49.4087 -57.0579
145 24.4253 -38.0436
146 20.1277 22.1789
147 -44.847 -26.4584
148 -2.18779 -40.1603
149 31.8984 19.7656
150 -43.0351 -41.3115
151 6.87846 -27.3567
152 -0.423886 14.0776
153 19.0239 -17.9109
154 -24.8738 -23.2929
155 -58.8402 22.7962
156 19.1289 -8.15807
157 -21.1297 13.0844
158 22.292 9.27866
159 21.6078 57.3153
160 24.4778 0.556211
161 10.3107 -2.13448
162 -9.95658 12.2768
163 25.2838 6.70672
164 -3.07435 -14.7608
165 2.57795 -10.7135
166 22.9463 -11.1981
167 13.2789 -24.0015
168 -0.790554 44.85
169 3.67048 -25.8582
170 -6.41172 8.06819
171 18.1252 1.54087
172 6.36989 -25.0285
173 1.24735 -5.13083
174 22.6307 -21.0892
175 -2.20347 37.5898
176 -14.4944 -18.1605
177 32.7778 -13.0857
178 -47.1228 -25.6883
179 11.0988 -33.5031
180 -2.73205 47.4349
181 48.9738 15.4175
182 -13.6008 30.1755
183 10.3811 10.3108
184 -4.0468 -34.3706
185 -0.821214 13.7888
186 -5.02385 22.53
187 32.9675 -18.0776
188 4.10898 7.82458
189 -23.4548 19.5088
190 3.82536 -3.39175
191 -9.77431 13.1055
192 46.9464 6.96516
193 -17.1541 20.3048
194 -2.79698 28.7727
195 13.0021 -6.62557
196 39.3732 -24.6241
197 40.7648 52.2978
198 35.085 17.2318
199 -23.6424 17.2615
200 -14.6684 17.8718
201 33.3571 -13.601
202 5.26435 -20.465
203 -28.0361 46.4827
204 -6.36535 -7.06163
205 1.88038 2.57693
206 18.6911 -5.86603
207 -28.5766 -9.39473
208 12.9009 38.0578
209 -53.1701 -61.9204
210 11.8002 13.0974
211 24.8609 3.45493
212 -13.2135 2.23363
213 -18.2433 28.7234
214 -34.1184 -47.6961
215 -1.54905 33.1887
216 -8.87676 30.8342
217 5.86468 21.2522
218 -41.7563 5.7018
219 -21.3775 54.2687
220 -6.2202 45.6167
221 25.3743 -24.6024
222 -27.9936 4.80847
223 37.5581 -19.2866
224 38.8183 -3.88967
225 -13.7245 5.15837
226 35.5561 18.7045
227 8.28524 -15.3339
228 2.75417 -11.9028
229 -50.0315 24.4073
230 -18.0774 -18.6489
231 38.9869 47.8491
232 -2.2463 34.0732
233 -29.1785 -31.9054
234 20.6193 -28.0972
235 4.26304 -9.59966
236 3.27434 -0.71734
237 19.9085 -50.195
238 -39.4144 62.0996
239 -12.2899 6.01602
240 10.2424 -25.4022
241 8.35531 38.6799
242 -23.127 -14.4854
243 -41.68 -27.8421
244 -4.06782 -6.22733
245 40.2467 2.07312
246 67.5739 30.6398
247 20.6025 -20.4468
248 -29.6904 2.65533
249 30.538 -9.25183
250 -28.177 35.749
251 30.1837 16.8754
252 13.8982 -0.218318
253 13.0059 -18.8763
254 5.54252 -7.32652
255 2.63332 38.6194
256 57.684 30.4042
257 -38.9089 20.3082
258 19.6024 37.5017
259 20.0703 -38.7756
260 33.8581 -0.778587
261 7.08545 22.6431
262 -11.4724 -17.0307
263 -76.0847 -13.7778
264 7.23372 -10.7803
265 9.81928 30.1323
266 19.1869 -7.48285
267 16.0476 16.8566
268 35.8132 11.3758
269 45.603 25.386
270 59.1392 13.4386
271 -29.535 -13.7082
272 -34.2476 42.2296
273 -15.5869 -24.7015
274 -10.8179 -3.16142
275 2.79671 -20.0578
276 7.54375 -61.1667
277 6.79865 -14.4652
278 7.68123 13.6726
279 17.0248 1.26174
280 -14.6399 -30.8115
281 -19.9031 34.871
282 17.3041 -13.8132
283 2.75952 -13.1551
284 -6.94461 -3.1917
285 -22.4869 -19.2027
286 -26.8951 -27.7739
287 -10.2775 1.62441
288 -0.385327 -14.5182
289 24.6441 -31.3343
290 -2.79498 -19.5429
291 -13.7481 -4.66359
292 -7.09431 1.10509
293 49.3133 -29.5744
294 -7.8343 43.6683
295 -14.3115 33.1928
296 14.0268 11.5716
297 9.50615 -14.205
298 26.2062 37.3891
299 -3.46211 -26.7105
300 -20.4535 -14.0125
301 24.5679 27.7462
302 -13.0127 -28.0105
303 -5.56669 36.667
304 -6.5716 -24.5989
305 24.0853 -17.3742
306 4.02032 25.0794
307 -21.9464 -52.6258
308 -11.3487 -15.2972
309 28.4728 -5.27463
310 -16.666 6.59991
311 59.7555 -12.6004
312 19.1864 -38.3382
313 -20.8746 -5.53254
314 -0.799173 36.4218
315 -2.92894 3.55358
316 1.64136 -5.8905
317 10.9999 24.825
318 -17.341 15.6778
319 -49.6435 -10.4801
320 -11.6794 3.84433
321 23.9602 22.5194
322 50.3761 -32.5613
323 -2.65369 12.154
324 10.5452 26.7531
325 -11.2925 4.17021
326 -22.565 18.004
327 54.8219 -49.7742
328 -10.435 -18.0437
329 10.3467 -12.9627
330 14.3969 -22.0951
331 51.3499 36.294
332 32.5526 -4.42
333 17.5596 -53.1527
334 14.8038 32.3537
335 -30.8693 -49.2854
336 -22.7465 26.5856
337 1.587 -38.7447
338 -2.35812 -30.7517
339 30.002 -34.2816
340 -3.19582 29.7919
341 3.46732 -13.3219
342 -40.5893 25.855
343 21.4835 48.9792
344 -15.4736 -26.9393
345 -26.5428 -30.2357
346 11.1438 11.1594
347 -21.8855 12.0556
348 18.8863 7.47666
349 -31.207 -5.75197
350 -27.1297 -28.9194
351 -20.1676 -41.0622
352 -15.0526 -11.9507
353 7.44131 -12.3018
354 -15.6673 18.7763
355 10.1341 -1.41781
356 12.8664 29.3268
357 -17.3347 4.64741
358 18.7423 -4.18362
359 -10.2158 -20.6376
360 -8.28475 16.4351
361 -4.92935 -54.2435
362 -21.3593 -11.4745
363 -8.10696 -26.0756
364 -0.740663 2.23589
365 43.3668 17.618
366 -19.4844 -84.0059
367 -11.2016 24.3965
368 25.5596 24.6237
369 35.4117 -21.0119
370 -20.1632 -6.12311
371 -33.6677 -18.7172
372 13.6879 -32.6965
373 35.6582 45.1615
374 -17.9813 49.7913
375 -6.05215 -38.7674
376 -15.7841 -25.0611
377 -8.9244 16.8452
378 -6.43315 14.8385
379 -10.7081 17.2128
380 -36.032 15.6721
381 3.89946 49.1071
382 -31.2583 -13.7145
383 40.49 12.1418
384 4.11976 8.74734
385 31.1787 20.0644
386 -24.9755 -9.69384
387 25.7874 -27.9725
388 16.1754 46.3705
389 18.3982 36.9254
390 -12.6547 -10.646
391 28.8945 -26.5745
392 -4.59809 -59.1049
393 -16.7308 -2.01293
394 -10.631 -20.0061
395 28.1928 4.51197
396 -6.58814 -22.0995
397 2.03547 -14.2779
398 -6.70513 -8.19675
399 -28.3162 -29.243
400 -23.3484 27.0072
401 20.0125 -27.0237
402 -0.131777 26.6491
403 -41.535 -25.4864
404 -16.4708 17.0219
405 -5.54459 29.6534
406 -51.3972 16.2945
407 -32.7014 17.0873
408 19.6029 -17.304
409 15.8088 -34.5613
410 -12.6496 11.9055
411 -3.40151 -62.9885
412 6.23395 -22.9822
413 31.3911 -40.1844
414 19.9232 -6.31078
415 -11.9452 3.37829
416 -13.0966 9.01482
417 0.868083 -19.6852
418 5.26347 -0.0939798
419 -15.1582 4.93784
420 21.9108 -9.03488
421 -7.47444 -8.34965
422 -44.6776 43.7769
423 -2.77841 -40.3569
424 16.6765 -33.0846
425 -41.1208 2.74013
426 44.767 11.059
427 2.12052 38.9883
428 -37.3993 12.0597
429 11.4582 -17.3694
430 11.0742 -1.32776
431 -56.9262 -20.9242
432 -32.346 17.0944
433 21.9111 48.7387
434 0.229622 -26.6739
435 -20.4614 -0.816303
436 15.6043 -11.6007
437 -4.94577 -48.1963
438 -24.1378 -25.4505
439 0.601313 -9.64006
440 2.83397 -6.34628
441 -4.04212 65.1906
442 -3.81261 -13.6355
443 32.1323 -46.1418
444 1.85601 3.69273
445 -4.14927 -5.68421
446 17.247 8.8959
447 10.1884 -20.4038
448 14.9622 -1.88212
449 -18.6847 -11.7956
450 17.9884 -27.5389
451 25.9341 -24.9312
452 -0.341548 -14.1982
453 -33.3786 32.144
454 -18.7851 21.2923
455 0.950141 7.91835
456 21.8346 -11.6762
457 21.8968 36.6088
458 1.44454 -3.49412
459 32.2825 -20.3586
460 11.0087 -29.741
461 37.5588 33.2196
462 -5.56474 -20.3661
463 39.2223 -4.66438
464 15.0172 -7.15111
465 -43.1989 35.5885
466 25.5013 6.40937
467 -36.2742 -79.9573
468 15.8261 19.6063
469 -40.5757 32.3998
470 7.36166 -0.969303
471 24.3769 9.0731
472 -11.2471 -17.8813
473 -3.00909 22.5576
474 24.6804 13.4718
475 8.68555 16.4481
476 -33.6281 5.31838
477 -5.79975 -35.6736
478 -21.7758 -15.4273
479 -15.6249 23.4292
480 2.46857 -12.6416
481 -13.2968 8.19897
482 6.68781 17.941
483 -26.845 5.58342
484 -25.8832 21.5384
485 -5.87119 15.7948
486 10.8017 -2.68875
487 -27.7102 -51.7727
488 6.12526 31.6489
489 -13.7459 12.8237
490 24.7709 41.6342
491 -60.7594 22.997
492 7.93946 -25.7399
493 -18.0505 -17.2488
494 5.49705 -40.0168
495 35.6146 -30.0948
496 -50.4774 31.1937
497 7.06393 -58.3667
498 48.0027 6.78871
499 52.978 23.9492
500 -47.6142 -32.3635
501 11.1973 10.3555
502 -8.20401 -10.3775
503 12.9837 -70.7969
504 41.3167 -64.7064
505 24.8527 2.94189
506 -36.385 22.4786
507 -18.4521 24.5891
508 1.59432 5.48065
509 0.206318 46.5896
510 -7.28997 -4.04019
511 -4.46034 31.9454
512 -14.4922 36.678
513 -12.6671 23.8656
514 7.35811 -6.78148
515 15.4265 -38.8854
516 10.4524 -15.9255
517 -2.21818 -8.08412
518 19.504 -2.61363
519 4.27181 21.0769
520 7.12543 -4.73271
521 14.5351 26.1004
522 0.137897 -25.6176
523 33.3007 -21.8916
524 -0.849251 -21.5373
525 37.0448 41.4683
526 16.9487 26.9571
527 20.3885 5.43395
528 -32.1536 -23.8473
529 32.6753 -0.544278
530 39.4217 -24.4375
531 -40.2854 11.3065
532 12.0283 21.7991
533 25.837 63.0398
534 -7.56643 8.84677
535 -5.76656 -57.9091
536 -26.7493 -9.69458
537 -23.8665 3.9259
538 13.6042 -42.9135
539 34.9316 -21.1958
540 -2.70566 -0.574901
541 45.334 -45.2872
542 -27.5547 -25.5781
543 76.6699 -28.4973
544 -7.11625 4.05279
545 96.9759 15.1418
546 29.336 13.5909
547 14.9251 8.29373
548 -10.5385 -17.9378
549 -13.2492 6.92926
550 22.5906 13.5274
551 -22.7244 6.82645
552 -16.8139 19.6242
553 24.3035 3.04313
554 12.3056 -3.00307
555 -3.40184 -29.3427
556 0.963197 14.5301
557 6.53653 -25.7104
558 4.40288 -14.0568
559 35.0605 -21.7389
560 -32.9622 -28.8207
561 -28.493 -31.1312
562 -13.5235 -60.8163
563 24.2897 -8.77838
564 -20.1612 -14.0437
565 55.6271 -16.1439
566 -0.90789 30.1012
567 33.0796 17.894
568 34.9331 21.87
569 6.59475 31.6923
570 -3.0943 10.2578
571 -14.4044 -44.9152
572 -23.9709 -33.4052
573 -32.211 -33.4178
574 29.8401 19.2856
575 -41.97 -0.398815
576 1.31844 -1.61146
577 70.4922 25.0721
578 -52.9677 21.5549
579 -51.0631 13.5879
580 19.7018 16.9108
581 -2.26106 -5.56544
582 19.0907 36.2912
583 12.2627 6.88893
584 -1.43393 39.6197
585 -22.7541 35.3553
586 53.4397 4.53362
587 -21.215 5.97411
588 32.3057 48.9431
589 3.6996 -17.7308
590 -11.9881 -33.3883
591 -29.6751 -8.15715
592 -11.5403 1.98536
593 -24.9756 2.74005
594 -25.1866 30.4915
595 33.5822 0.254022
596 13.6776 27.2752
597 48.8016 -44.5892
598 58.898 -0.689447
599 14.1153 -49.4108
600 -44.2997 -59.6506
601 -6.69271 9.99458
602 -12.7007 -13.7342
603 -13.98 13.2048
604 27.1867 -29.0287
605 56.6885 14.7373
606 5.29373 -21.5365
607 -19.4786 -31.0619
608 -11.595 31.9423
609 55.0237 3.40485
610 9.09924 -9.2418
611 -28.8854 40.0562
612 36.6568 -11.3334
613 1.54372 28.6431
614 -7.29824 -19.9434
615 -19.4836 -38.0742
616 -8.43304 16.1523
617 -13.5884 -19.1113
618 -12.1301 -26.8942
619 -14.2613 13.0994
620 -7.1713 -12.4452
621 8.16813 31.0807
622 -6.60935 25.5062
623 37.3044 -0.954024
624 -42.3541 -63.522
625 16.8035 -6.91666
626 10.2054 -30.7121
627 -8.36352 30.4301
628 -28.3021 20.1666
629 14.7673 -10.642
630 33.6838 -17.3913
631 -23.8407 -10.121
632 -31.1999 -42.6888
633 -1.47187 -8.0909
634 -6.79755 11.5734
635 11.6338 14.6014
636 -36.4832 -12.6408
637 -3.40005 -7.50045
638 20.3232 20.4333
639 30.5116 19.341
640 -5.72195 14.4915
641 -37.8435 -10.9375
642 14.4617 31.435
643 -0.326431 12.2321
644 -1.11072 -6.72048
645 -35.303 -33.4587
646 45.7452 -3.81737
647 -17.0329 -0.114411
648 -27.36 11.5282
649 -15.5773 -29.1972
650 12.4142 -21.3937
651 -9.36235 26.5712
652 -16.4903 -8.84439
653 25.0642 80.2511
654 -26.9995 11.9546
655 26.724 23.1184
656 10.1661 10.3376
657 -13.2543 63.8236
658 18.0316 -3.12716
659 -27.0619 -8.75503
660 9.89539 -28.709
661 20.5413 62.8042
662 -17.2827 -4.00667
663 35.8175 13.3775
664 -3.74433 10.6019
665 -12.4167 48.6222
666 21.9473 12.4451
667 26.8519 -4.03998
668 27.5952 53.6368
669 -45.8487 -12.2873
670 11.4347 16.2903
671 33.502 -9.78814
672 21.17 -1.28868
673 28.3504 -12.7091
674 -17.244 60.5574
675 -10.5747 -32.5956
676 -11.9085 -39.7096
677 -25.9943 45.91
678 -21.5728 3.89785
679 -38.1197 -0.936943
680 -4.71294 6.97458
681 14.9186 18.7612
682 8.72334 16.9281
683 9.56478 -90.0118
684 -45.0445 41.2943
685 -39.632 35.7802
686 0.0768893 22.7774
687 18.0712 -6.17604
688 30.5284 28.8644
689 -1.14075 16.5363
690 36.0193 12.494
691 -2.91472 -23.3753
692 -35.3772 -26.5455
693 55.0605 -54.1957
694 0.292847 26.5877
695 -54.2191 -56.1314
696 6.88081 -19.9392
697 -4.98438 -5.01854
698 -3.70726 17.4043
699 -5.02273 14.811
700 -25.7064 20.8793
701 9.23492 44.5271
702 4.66561 18.6925
703 -14.4374 -42.067
704 50.6515 8.46266
705 -14.078 21.8889
706 5.21811 37.9042
707 -55.1274 -14.6037
708 -33.5935 -9.20655
709 -18.2347 -18.588
710 43.0805 25.5892
711 -19.1931 34.3715
712 -32.1263 4.91943
713 -9.89325 -20.3261
714 31.826 -0.342391
715 -6.89755 -41.2403
716 -15.8818 49.4186
717 -22.8589 1.10847
718 8.22001 0.300493
719 12.0049 43.3486
720 4.32577 26.6968
721 -23.6708 38.0892
722 -24.0925 -2.71117
723 -4.86792 -16.3921
724 -17.4117 12.8925
725 51.0966 -23.5812
726 -8.57445 42.1293
727 -11.2135 17.224
728 -7.51415 22.1909
729 -14.8902 -11.4624
730 -25.3381 29.3868
731 -24.1294 -6.17661
732 9.11365 -29.0282
733 -82.9729 0.340212
734 33.4657 -24.1975
735 -11.6571 -5.60394
736 1.81095 2.43631
737 -11.2093 2.90534
738 -40.7882 -19.6108
739 -4.38955 -28.5754
740 -33.6834 7.63299
741 11.5253 -44.691
742 6.8414 -4.68844
743 -28.7248 -36.4011
744 28.8214 17.6972
745 15.4932 9.32381
746 -41.2347 -34.4757
747 -25.8087 -0.929066
748 -18.1024 4.03371
749 6.10557 -23.3009
750 -0.531711 11.7717
751 -5.85668 -22.2039
752 9.94391 4.48029
753 40.2577 9.69913
754 28.571 -9.54239
755 -39.3264 -0.348387
756 34.309 -12.5329
757 -25.8181 -49.569
758 13.9553 11.4404
759 -70.4038 0.0596703
760 32.7851 -29.8024
761 -1.07688 -24.3611
762 6.5214 29.5532
763 -9.97238 28.6676
764 28.9229 22.4602
765 2.78824 -31.3657
766 -42.2717 28.4086
767 62.0657 44.6901
768 0.599158 -0.242092
769 41.4986 -2.05886
770 -27.4586 32.5786
771 12.146 20.6402
772 -12.7595 38.0967
773 -0.064811 -7.74665
774 -17.6052 -10.8029
775 13.8443 8.97199
776 -11.8078 0.813416
777 -14.0466 -12.0229
778 -19.6144 16.1001
779 8.12334 -6.4622
780 10.9334 14.2845
781 0.621288 18.1068
782 -24.4281 21.8924
783 -30.8173 -14.6455
784 -15.8186 3.81378
785 30.4883 23.1124
786 61.4525 -25.3513
787 -9.90257 18.3059
788 -15.0407 -28.2591
789 -55.1742 -20.556
790 -11.6877 -1.19446
791 36.858 -28.3402
792 0.996542 -24.6127
793 10.2588 -18.5533
794 -6.80463 54.487
795 27.3931 -13.8
796 -1.5825 -32.3254
797 -7.964 21.8488
798 8.48721 -32.6638
799 6.32569 -35.71
800 10.802 19.3527
801 3.96676 21.0706
802 -5.72455 3.12491
803 5.80314 5.03946
804 13.4831 8.30436
805 -23.9156 -7.29474
806 -44.2811 -11.2296
807 -5.80904 -27.8787
808 28.2847 -15.9157
809 -16.2582 32.2787
810 -63.0693 -19.0003
811 56.5595 8.72502
812 -31.2834 19.136
813 -25.2932 32.6199
814 -49.1853 28.3297
815 -21.5745 -17.6935
816 -2.37618 -21.1437
817 -1.47482 -1.17566
818 -13.4483 -12.2236
819 -19.0096 -5.83326
820 -73.0942 4.91536
821 8.80293 7.6411
822 27.0539 31.7504
823 13.7845 20.4571
824 -0.575519 -1.424
825 6.4057 -14.62
826 1.84624 -9.64617
827 9.57085 33.5016
828 29.6348 -28.4193
829 17.6322 -3.50983
830 -27.6628 -35.4321
831 21.1893 14.8148
832 26.9012 -1.08882
833 0.0123075 38.8756
834 6.16192 14.4879
835 -2.03156 0.624476
836 7.464 -70.685
837 -0.306448 -15.1597
838 -0.953277 56.4469
839 38.3664 11.7338
840 -28.5227 -1.54748
841 -16.9175 -7.95061
842 -40.2774 10.0095
843 33.2935 -14.7614
844 28.7119 18.0905
845 -17.0882 -32.948
846 73.6144 39.8438
847 1.13852 27.7156
848 -2.03918 -24.9582
849 31.2784 -48.7257
850 37.3301 -15.5367
851 -29.5806 -17.4454
852 28.227 36.6276
853 27.3667 9.38113
854 6.79574 12.7427
855 2.00396 33.1774
856 -32.9035 -10.0622
857 2.52368 26.5899
858 8.59444 11.6286
859 -19.9221 -26.5339
860 -6.229 -24.8229
861 -10.2001 -2.21354
862 -40.0436 6.32142
863 -36.5112 18.5142
864 -33.66 13.0196
865 14.8392 30.2932
866 4.41585 9.91091
867 -32.851 -51.8993
868 0.768649 -1.30429
869 -12.3387 8.38733
870 27.9775 34.6018
871 0.593517 5.92208
872 44.7071 22.17
873 41.9627 -2.63001
874 27.7073 2.31535
875 -17.1871 -23.9648
876 -30.991 19.5792
877 21.2143 -8.78624
878 -5.35613 16.3819
879 5.38993 0.0449307
880 2.41164 15.2905
881 -8.13689 15.0278
882 -26.8023 -0.848754
883 2.35065 10.2895
884 10.548 19.8263
885 -51.7568 -13.3913
886 -30.8418 -19.8322
887 58.9814 13.056
888 -7.02897 -24.6317
889 11.7224 31.5484
890 -55.7782 17.3224
891 -13.1181 12.2218
892 -11.4998 24.3724
893 65.1909 -9.82025
894 -22.1027 -7.98857
895 17.3106 -25.9473
896 13.8717 0.368768
897 21.0088 12.2431
898 27.9397 -1.53799
899 36.0963 -14.4655
900 -18.6306 22.4051
901 45.3576 -32.0579
902 -1.5426 28.9724
903 -33.4259 -43.1249
904 -25.4093 15.446
905 -11.4229 39.5724
906 1.83225 -57.2017
907 4.20506 8.31979
908 -8.39337 47.8272
909 2.62988 -89.4962
910 -21.7305 38.0872
911 18.61 7.82621
912 -53.0951 0.228736
913 -55.691 14.996
914 8.43377 15.0403
915 7.02526 -9.26834
916 -19.1318 7.60778
917 -9.81463 1.65527
918 -12.4865 40.0109
919 64.6041 10.5088
920 -9.78911 7.11075
921 -17.2296 -21.9776
922 3.93306 -46.8534
923 5.09162 14.9706
924 -15.3622 -77.3267
925 50.0185 -30.1444
926 -11.4918 10.4406
927 18.6002 32.828
928 -10.3248 -7.22373
929 19.6198 8.30434
930 21.8605 -8.4196
931 -15.9262 15.4755
932 7.21408 -44.3699
933 28.9964 21.2364
934 -29.2164 -9.95783
935 -8.45906 -16.3138
936 -16.6576 -34.6008
937 -33.6677 11.8806
938 -36.3753 -53.1539
939 35.9887 38.7434
940 -1.5235 -5.60585
941 -4.99071 -18.17
942 -31.5053 35.0365
943 15.7358 -4.2387
944 -22.196 -23.2909
945 -27.426 38.6466
946 -2.11207 5.7059
947 -30.829 -21.7144
948 9.18565 19.9033
949 17.7335 -21.5104
950 -18.9127 -26.6729
951 6.85737 3.86255
952 0.667255 -27.9654
953 3.28018 -60.1207
954 4.44434 31.8855
955 -45.6791 25.7757
956 -60.1206 20.3728
957 -2.59616 -14.5237
958 -24.6155 18.877
959 6.18921 6.49348
960 -14.1451 -28.9488
961 18.8153 8.99248
962 -35.5641 -48.5997
963 -6.13988 42.0367
964 23.2807 -13.7663
965 38.1159 -34.7344
966 39.263 8.01846
967 10.4091 -2.23037
968 -14.1532 -0.958676
969 -40.8501 14.0798
970 -34.3044 -17.5015
971 0.842683 -31.8022
972 31.9874 33.9071
973 -31.4729 12.7444
974 14.2686 46.4639
975 -4.37601 -21.7926
976 -10.1053 -14.9403
977 -48.3879 -6.27041
978 -15.5667 -18.0996
979 1.48595 36.1191
980 16.2222 60.5338
981 -23.7121 18.9097
982 -39.2721 21.3297
983 -47.5573 -8.30031
984 20.4948 19.4545
985 46.5449 25.0922
986 30.3215 3.48875
987 34.87 31.1904
988 -41.7504 5.54628
989 -8.55888 -40.6447
990 -24.5954 9.10054
991 -9.2656 3.22017
992 -12.4891 -47.0705
993 -24.4696 48.5655
994 -10.1695 -18.9076
995 -2.41161 14.7475
996 31.2073 4.24438
997 30.0224 -34.2262
998 12.9334 -36.04
999 10.787 -20.2047
1000 9.27141 -1.60748
1001 64.9671 7.50919
1002 -9.15205 -10.6103
1003 -3.39876 4.45944
1004 -42.5827 -8.93783
1005 -33.6159 54.9753
1006 18.7435 -12.2056
1007 -37.3244 -11.4253
1008 55.9575 -32.6813
1009 -39.686 -3.00558
1010 31.8244 31.1649
1011 -6.74651 -95.1352
1012 -15.9969 -25.8029
1013 -33.0436 16.461
1014 4.93808 7.8197
1015 -4.30136 6.24002
1016 2.87861 -15.8554
1017 16.0086 -48.857
1018 -12.1775 -16.89
1019 16.8819 2.37607
1020 -53.8968 15.7173
1021 6.82536 25.8025
1022 -29.4911 -14.9783
1023 4.81197 8.17646
1024 -0.754231 -40.1975
1025 -15.9518 -3.2667
1026 -34.7715 23.0267
1027 0.164277 -1.36286
1028 -5.43723 4.28802
1029 43.3623 -28.7874
1030 -11.833 -2.60777
1031 25.6631 -6.02233
1032 13.721 0.0685795
1033 42.021 2.13078
1034 -2.35944 45.1161
1035 -38.691 29.1832
1036 -31.4009 19.3411
1037 42.5873 -11.4723
1038 -21.2475 -14.054
1039 16.7469 -10.2525
1040 32.645 12.764
1041 -22.0675 -2.69244
1042 -20.0194 -59.5319
1043 36.172 18.6762
1044 36.6059 -35.6246
1045 -5.63202 52.1618
1046 -0.383096 1.50962
1047 15.5976 -19.3619
1048 14.5893 18.5605
1049 22.626 34.0637
1050 -24.4345 -33.9007
1051 10.2606 33.6938
1052 26.1655 -17.5622
1053 35.3829 46.5942
1054 2.56069 -20.6664
1055 -1.81319 -39.5229
1056 -2.92319 35.3952
1057 19.9753 8.94379
1058 31.1437 -10.155
1059 -7.05343 -15.0534
1060 7.12465 9.54849
1061 -9.93634 -6.50586
1062 17.6179 7.31277
1063 34.9897 12.8402
1064 30.1375 -12.2676
1065 -17.5557 -21.7481
1066 50.0887 21.3568
1067 -29.6581 -14.6006
1068 5.32999 46.8929
1069 39.3022 -7.29173
1070 53.1323 -35.0473
1071 59.7546 -25.9921
1072 25.0952 19.4294
1073 40.9709 1.19422
1074 -12.7689 -31.1115
1075 -19.816 2.91447
1076 27.7004 33.8662
1077 -25.3362 19.6108
1078 -51.5813 23.5996
1079 11.3313 -32.1694
1080 1.87198 14.1594
1081 -12.2327 19.2949
1082 -28.9911 -45.2231
1083 18.4422 13.8222
1084 40.2391 -16.7105
1085 8.15271 -27.4661
1086 28.9758 50.3749
1087 17.3879 -23.6308
1088 -13.8713 21.0303
1089 30.1163 -60.9798
1090 -16.7366 -16.3783
1091 22.5445 -64.1475
1092 -2.34784 2.24037
1093 14.7366 -3.8148
1094 -29.0537 -13.9607
1095 56.2678 -12.4229
1096 -26.0084 -23.7372
1097 -47.3979 -17.7057
1098 18.8859 -3.47948
1099 -21.73 22.2362
1100 -15.7177 5.64781
1101 31.827 -3.0121
1102 -29.4752 28.8577
1103 16.8826 -11.4211
1104 -3.48745 12.3664
1105 57.2455 21.8838
1106 20.8299 -0.169916
1107 -13.6423 7.93919
1108 4.8639 2.79458
1109 -0.953604 -45.1575
1110 -45.1937 28.8432
1111 9.85799 12.4209
1112 -8.97438 50.981
1113 32.6917 -14.394
1114 -10.6797 51.6969
1115 -21.9795 41.7435
1116 26.867 -33.0717
1117 16.0756 32.9197
1118 16.9047 -14.7872
1119 -20.7367 -8.75163
1120 11.6215 28.0875
1121 -19.3217 29.1764
1122 0.521263 17.6047
1123 34.9246 25.2595
1124 -12.1326 52.1542
1125 10.0191 17.4271
1126 17.7598 -26.1594
1127 58.1698 0.847472
1128 -8.64751 -9.40459
1129 -12.7606 -6.24452
1130 16.8829 -37.6301
1131 44.2399 12.2194
1132 -23.6532 -5.99444
1133 -24.7009 -35.2618
1134 7.81079 18.3088
1135 39.9397 29.3114
1136 -14.9015 55.1377
1137 -29.8614 -2.83443
1138 0.0443178 -50.291
1139 -4.05027 0.409276
1140 50.2837 18.576
1141 -4.91016 8.23943
1142 -16.1181 -8.20294
1143 5.76205 -3.6558
1144 -30.1006 3.79291
1145 36.8828 29.1487
1146 31.1171 -2.42461
1147 21.7874 -5.35333
1148 11.5701 22.1943
1149 -51.3659 17.5943
1150 -7.12648 -42.0954
1151 -34.5654 -57.3962
1152 4.90868 26.3363
1153 -7.61057 -25.1615
1154 21.9751 9.32309
1155 0.837513 25.4402
1156 -13.8623 -3.72267
1157 43.6845 -22.4418
1158 -0.207132 5.13529
1159 2.32468 -10.7981
1160 28.7775 -21.0662
1161 -19.1869 -28.7024
1162 38.7943 -22.3357
1163 17.272 -17.0255
1164 -16.4491 32.9414
1165 31.2175 -0.362402
1166 41.7303 12.407
1167 10.2881 -3.75227
1168 10.6303 13.0634
1169 -16.5617 -44.6893
1170 -14.1769 37.4458
1171 57.7887 -15.276
1172 33.99 7.84156
1173 1.34257 -4.76846
1174 -20.1769 -43.5467
1175 74.0828 -5.2834
1176 23.9299 35.9636
1177 -3.07637 -8.35805
1178 -4.07254 -2.81985
1179 -0.48678 7.46979
1180 36.7045 -7.32045
1181 -10.1231 -5.99195
1182 42.4811 -50.7291
1183 69.2971 1.44734
1184 -13.1133 -13.0517
1185 -32.5721 -20.2298
1186 32.4354 31.2865
1187 -15.4614 43.4375
1188 56.5327 -23.9221
1189 1.80748 3.88361
1190 -6.18487 49.4305
1191 9.09393 7.98292
1192 3.84825 51.5336
1193 -31.083 22.4055
1194 23.5381 17.0889
1195 43.3955 28.22
1196 -16.9175 -19.138
1197 -31.3306 5.32393
1198 -6.09947 32.5717
1199 51.2454 -32.5416
1200 -30.8348 5.95712
1201 -2.74926 -6.09317
1202 24.1711 23.9975
1203 9.35825 -26.8318
1204 -12.2599 45.0003
1205 -16.2473 26.6993
1206 41.5392 17.1228
1207 19.3815 -54.5423
1208 2.81156 102.632
1209 19.6793 -6.45273
1210 0.287246 27.0393
1211 -20.2322 7.86558
1212 -12.5422 -13.618
1213 -7.58538 26.8849
1214 -34.8335 18.4136
1215 -5.91191 -8.63672
1216 -32.6996 4.62403
1217 15.0593 -36.5777
1218 -27.2614 -6.87046
1219 -14.2408 -7.06053
1220 9.13543 32.3917
1221 21.2561 21.7416
1222 -3.26476 -5.85708
1223 17.3867 8.39538
1224 -9.77767 3.21559
1225 34.909 28.681
1226 15.7619 17.5718
1227 -25.1644 -20.7096
1228 1.06752 11.6936
1229 -10.4054 -3.52967
1230 -4.69957 -6.91202
1231 31.3062 33.0851
1232 26.5331 0.993965
1233 -4.25494 9.17316
1234 -14.8371 -8.77677
1235 3.83305 -34.1131
1236 14.8444 19.6941
1237 -10.2986 -6.81954
1238 -45.016 -27.6793
1239 -4.03402 13.2127
1240 -5.38924 -0.432492
1241 -7.1732 -30.9539
1242 10.9121 -35.6244
1243 10.1445 26.0912
1244 6.01129 -0.82413
1245 -6.24337 -19.559
1246 34.4896 -67.0897
1247 10.1281 5.85318
1248 -0.735673 -11.8578
1249 54.604 -33.8876
1250 0.722284 8.83558
1251 -33.7234 -36.2463
1252 27.9329 4.5152
1253 8.40787 -6.97531
1254 0.401848 28.8658
1255 -26.2497 6.89883
1256 29.725 -18.7428
1257 11.074 -42.6959
1258 -19.3335 -15.3448
1259 -42.1435 -15.0706
1260 -34.0346 23.4435
1261 -20.9586 -17.2747
1262 43.9849 9.46997
1263 14.0365 53.1502
1264 -26.3282 12.4579
1265 29.244 28.909
1266 -4.99999 -7.80238
1267 -3.0578 7.85311
1268 -9.01387 -22.9995
1269 -25.1566 -21.3501
1270 -27.5242 64.5425
1271 19.4156 27.8801
1272 45.6254 -16.2384
1273 -40.961 37.0439
1274 37.0519 54.4031
1275 15.8119 -33.74
1276 22.2081 -6.73294
1277 13.4178 -0.840081
1278 12.7747 -10.6251
1279 -1.89084 -7.10704
1280 19.6762 -27.8172
1281 -9.46244 -13.1037
1282 1.04263 35.6204
1283 32.4578 3.04164
1284 -62.4525 -58.6878
1285 -28.8111 1.14684
1286 -5.68082 9.68362
1287 0.880593 0.681209
1288 36.464 -17.9223
1289 41.8116 -12.7912
1290 27.0651 -20.9895
1291 -11.2079 31.9868
1292 -54.5494 -5.92234
1293 -28.5259 -15.8822
1294 22.3661 36.1104
1295 -22.8468 -3.57613
1296 -34.0476 -40.5573
1297 19.7314 23.9052
1298 -29.01 38.2571
1299 -26.9149 -5.14564
1300 5.90421 14.1379
1301 31.1703 21.5151
1302 41.8285 -15.7681
1303 6.6726 44.1938
1304 -15.5484 13.3827
1305 -12.3759 -30.8011
1306 -1.64289 -4.6714
1307 -14.393 -35.0637
1308 12.7391 -30.3452
1309 33.6047 -1.08574
1310 -23.9714 -38.5279
1311 14.5254 26.7863
1312 16.6896 59.3953
1313 6.09158 -1.74954
1314 31.142 17.3808
1315 1.88296 4.77372
1316 6.85779 57.1813
1317 -3.45373 6.2389
1318 9.21602 3.69266
1319 21.0254 -5.25282
1320 -6.59004 -17.9089
1321 39.3587 -21.9601
1322 39.6386 47.4898
1323 15.9624 -22.821
1324 1.95126 -8.95474
1325 8.70212 4.21033
1326 -25.8702 9.73745
1327 -1.67836 37.6283
1328 10.9283 -20.2602
1329 0.912391 4.25903
1330 5.00608 -29.1478
1331 -21.8555 3.53605
1332 6.11255 -19.5638
1333 25.2554 -7.45507
1334 53.6703 -58.8833
1335 7.28622 -0.93788
1336 -17.7435 1.94043
1337 -21.5112 14.2639
1338 43.5485 -8.28734
1339 -14.2088 -35.5725
1340 66.7855 3.53778
1341 9.56291 12.7504
1342 -0.441226 20.6164
1343 18.0001 -11.7382
1344 -10.015 5.4501
1345 -23.4407 -2.05828
1346 7.96288 -11.4948
1347 -6.51253 30.7914
1348 32.2215 -15.0722
1349 12.5293 -23.5006
1350 -22.1618 -12.0312
1351 -17.2294 -20.6106
1352 -9.87847 17.8441
1353 38.307 -33.1677
1354 4.13757 -17.5737
1355 -11.7797 9.25836
1356 -34.1349 61.1796
1357 -51.4743 38.0303
1358 -62.6269 42.4334
1359 -18.5058 -38.372
1360 -6.78138 -14.6451
1361 -30.3741 -12.4391
1362 34.4498 -52.4467
1363 43.0001 -37.3399
1364 -4.88216 -0.225879
1365 -38.4889 31.0313
1366 42.4573 35.0489
1367 6.02334 15.5866
1368 -23.4767 9.4306
1369 1.71209 -34.9842
1370 -6.04049 -9.45192
1371 7.13756 -12.1683
1372 -54.3949 -4.08044
1373 50.9956 -0.894374
1374 -59.0814 7.98547
1375 16.106 1.95739
1376 -22.2875 19.4
1377 6.647 -20.5798
1378 -11.4179 4.69004
1379 55.891 60.2137
1380 -40.5158 -3.94782
1381 -17.3151 2.32049
1382 -59.2528 -45.9621
1383 -31.7943 2.90409
1384 -2.43334 -77.5938
1385 -21.7158 16.1561
1386 -40.1574 -29.7351
1387 -23.2859 -24.4345
1388 8.56515 52.229
1389 22.1964 -19.4539
1390 -50.8131 -11.3315
1391 -23.9887 -15.075
1392 9.30879 14.3195
1393 -1.27192 63.9067
1394 -24.3107 -8.98844
1395 -32.4162 -16.9723
1396 11.2767 -2.72195
1397 -8.31142 26.2039
1398 17.4474 11.6768
1399 22.527 -20.6508
1400 -21.2787 4.47604
1401 9.18484 -5.53774
1402 33.4746 -20.2045
1403 -6.53483 26.7307
1404 54.8872 -6.38033
1405 40.4204 38.3188
1406 1.1517 -31.227
1407 -23.7063 15.4045
1408 -3.20637 22.2014
1409 -16.2109 -23.7953
1410 43.0928 37.5712
1411 11.8255 11.3722
1412 13.6897 -47.4403
1413 8.83537 -31.4192
1414 -33.1687 26.2181
1415 31.5929 10.1242
1416 14.0969 42.8915
1417 -0.95947 30.4036
1418 15.6135 36.9991
1419 6.4025 -14.5819
1420 -7.72054 -30.8003
1421 7.46595 -1.0045
1422 12.6432 29.7507
1423 36.103 -10.1287
1424 -15.8323 28.0879
1425 -34.3114 -15.1736
1426 0.302053 -13.9449
1427 30.9034 7.43528
1428 -7.97042 -16.2425
1429 -1.29627 15.5141
1430 29.299 -27.5063
1431 29.1466 -11.8272
1432 -7.59208 2.30722
1433 12.5151 -7.4097
1434 -16.9377 37.7023
1435 25.8949 -35.2309
1436 4.03217 15.4516
1437 3.13146 62.293
1438 36.8717 3.79411
1439 -76.3889 4.84741
1440 7.28331 24.4963
1441 -13.5417 -4.38069
1442 -10.4119 -19.5041
1443 -32.2772 -0.423935
1444 17.9974 -27.6774
1445 15.2161 0.145004
1446 7.01315 -19.8414
1447 0.108851 -22.5271
1448 15.511 18.1073
1449 14.226 -3.69173
1450 26.8451 -16.2467
1451 -4.34551 0.221047
1452 4.33803 7.35879
1453 -26.1371 -24.8172
1454 28.0142 47.4598
1455 -37.956 -31.6924
1456 2.52272 -25.8658
1457 -26.7296 -60.9392
1458 49.5891 21.3193
1459 -4.90026 -76.5244
1460 20.9159 31.148
1461 33.9148 30.6242
1462 -6.11812 19.8618
1463 -7.31726 -0.113737
1464 12.0129 -24.7534
1465 33.8849 5.79241
1466 18.8343 47.8626
1467 27.9296 25.7524
1468 57.21 6.64807
1469 -45.3405 -8.732
1470 -21.5654 8.7171
1471 24.6843 -1.74648
1472 -8.27133 -1.68444
1473 14.0354 46.3696
1474 -33.2007 -29.3171
1475 -11.8972 -7.22937
1476 17.4492 -9.10628
1477 23.0639 5.9021
1478 -8.9406 17.7482
1479 5.43232 -8.6259
1480 44.4617 -15.4254
1481 -22.3507 -8.60662
1482 19.5522 -31.0003
1483 -11.4556 -21.7132
1484 45.9004 -0.875759
1485 28.9231 13.0709
1486 24.2858 -23.5564
1487 0.502454 -10.9164
1488 -5.6785 31.8352
1489 0.855381 22.7356
1490 9.24821 24.1454
1491 -1.50456 -22.876
1492 50.7724 34.8522
1493 6.06689 -19.0444
1494 14.5722 -10.2886
1495 19.7987 18.4687
1496 -41.475 -59.5038
1497 12.5716 -41.1396
1498 3.7677 24.0575
1499 -6.30469 33.4049
1500 -1.67623 -1.18259
1501 0.387327 -1.39684
1502 -14.1024 0.0415568
1503 -23.4548 22.6526
1504 -2.59019 23.3573
1505 -36.4705 5.99462
1506 -20.0505 19.3624
1507 -26.442 -12.4158
1508 22.8205 19.5764
1509 29.3587 -12.3618
1510 5.53391 2.02473
1511 -27.0616 24.6783
1512 17.0452 -4.72067
1513 11.6381 25.0883
1514 21.1067 32.5074
1515 -17.9737 14.2232
1516 -4.23919 4.48566
1517 -7.19264 1.69445
1518 -9.25186 5.19697
1519 8.88048 -39.0843
1520 28.0045 -4.91062
1521 -10.4439 -58.8347
1522 6.81252 -13.0827
1523 -13.372 24.8628
1524 -25.1103 -13.3648
1525 -4.74613 41.5758
1526 -39.4765 -54.5594
1527 -19.2924 -7.15453
1528 -31.9492 9.17988
1529 33.544 -7.15974
1530 13.9713 -28.4374
1531 10.2146 20.4561
1532 -24.1863 -30.1774
1533 17.0247 13.5707
1534 -30.4688 22.5256
1535 -3.8598 9.93715
1536 1.00228 6.97263
1537 61.8232 5.94668
1538 -28.7625 43.7998
1539 -1.85599 35.8514
1540 -22.7004 29.3601
1541 -26.0587 1.3661
1542 22.6323 -38.7309
1543 -0.539923 7.15564
1544 -25.5113 19.8367
1545 -12.7848 -47.819
1546 -23.5422 -1.56003
1547 6.80197 61.7111
1548 24.942 12.4579
1549 50.2099 -1.76489
1550 -34.5637 27.7048
1551 -22.4911 5.47381
1552 -16.1434 -4.46579
1553 -12.7816 8.27124
1554 4.18676 10.125
1555 -41.9286 0.578802
1556 7.33879 -19.5931
1557 34.4783 1.75538
1558 -27.8054 12.3468
1559 1.54062 18.0054
1560 37.1136 -6.5331
1561 -31.9518 8.33875
1562 24.5121 15.0436
1563 14.0305 10.2379
1564 -16.1581 -23.7409
1565 -19.7711 -24.9966
1566 -24.2011 5.66307
1567 8.44156 9.63874
1568 20.985 -1.41534
1569 -12.5635 -7.64425
1570 22.2366 50.0853
1571 -13.5456 -15.3584
1572 -46.4955 -66.1356
1573 -16.1666 13.1699
1574 14.1784 41.0215
1575 3.70954 16.8352
1576 6.31554 46.0376
1577 -38.7629 -36.4778
1578 -9.447 40.566
1579 37.6702 9.75869
1580 -29.5641 -1.36181
1581 49.5321 1.23495
1582 20.2457 2.52112
1583 -7.69307 1.4827
1584 28.6558 -40.3455
1585 -13.8903 -19.8961
1586 -33.5518 30.1543
1587 23.2267 -16.8292
1588 -16.9445 -3.21457
1589 61.6585 30.0237
1590 16.7356 14.7256
1591 3.57968 33.5281
1592 6.97062 -5.17403
1593 -31.8296 22.7032
1594 2.40029 85.7837
1595 -21.4237 -32.7456
1596 82.8653 34.0425
1597 -16.8738 -13.2558
1598 -3.99308 35.327
1599 -9.13752 29.8636
1600 2.35037 13.0139
1601 -13.4397 -20.4132
1602 -17.674 -35.6436
1603 33.7421 -17.28
1604 20.0317 -1.40766
1605 45.4198 7.73259
1606 -17.9245 -0.204031
1607 -71.5732 42.3104
1608 -7.42187 -12.6887
1609 -1.7212 51.2678
1610 -54.3681 -50.9053
1611 25.6668 -18.0327
1612 -61.5928 -34.8401
1613 -0.454328 -35.9773
1614 -30.7673 19.7667
1615 -28.6767 -8.80853
1616 -52.2191 -1.80408
1617 17.4669 -9.08735
1618 -18.3991 -28.0852
1619 25.35 14.4728
1620 22.1143 2.81432
1621 14.5963 -32.8088
1622 -15.0833 -1.78876
1623 4.42272 -0.423443
1624 12.4363 54.6985
1625 -9.7789 40.5753
1626 -30.5328 -26.9921
1627 -4.46427 25.6282
1628 11.4368 47.7454
1629 -26.2984 -18.9302
1630 -28.4311 -47.4336
1631 19.4456 11.6607
1632 -5.37265 -13.1994
1633 19.4565 32.9041
1634 34.7321 24.3044
1635 33.6414 -24.6621
1636 -6.61622 -4.86592
1637 3.19147 -19.1216
1638 1.49023 42.4795
1639 -26.7987 44.7999
1640 9.53509 -27.343
1641 -25.4941 -33.6133
1642 3.9673 15.0018
1643 -40.162 -9.18511
1644 61.3157 26.0588
1645 -51.611 19.139
1646 6.23207 -19.7384
1647 12.0266 -12.3775
1648 -0.70029 40.1922
1649 -3.71717 11.7482
1650 74.6214 -42.7552
1651 62.8574 22.253
1652 -33.2848 -20.8126
1653 12.05 -42.4682
1654 -35.4016 27.1277
1655 -14.5801 42.2465
1656 -19.4829 30.5913
1657 36.4601 -46.5477
1658 10.0395 -3.28838
1659 3.87541 -32.3718
1660 -20.7461 -17.8365
1661 -11.5997 14.9951
1662 21.6372 -17.563
1663 15.3665 46.3059
1664 -35.4435 23.9648
1665 -41.1133 1.03798
1666 -21.4601 -12.5381
1667 8.77406 50.7752
1668 -3.2926 31.2062
1669 -59.3697 -11.3973
1670 -20.7597 -1.0389
1671 -12.8336 5.15378
1672 0.854944 -6.94989
1673 17.0227 26.672
1674 -10.1765 68.1146
1675 26.2102 16.3363
1676 -1.0306 4.5548
1677 -33.7479 12.3594
1678 28.1332 -21.4613
1679 23.3364 5.94701
1680 -0.508223 20.5393
1681 -7.60171 -6.79668
1682 3.2975 6.48396
1683 -5.50568 -9.39335
1684 32.8784 21.1136
1685 11.0656 19.5424
1686 -11.8404 4.13182
1687 21.7688 -28.5876
1688 15.7874 -18.2764
1689 -56.277 -21.3134
1690 32.7033 -55.8852
1691 14.512 26.7993
1692 -10.7845 36.7615
1693 -19.7056 33.578
1694 -10.0305 7.70456
1695 -23.064 -8.71241
1696 -39.4566 -7.21139
1697 -1.15308 5.97046
1698 9.48388 -39.1972
1699 -0.221894 17.4945
1700 24.6376 65.3747
1701 -27.013 -7.35386
1702 3.56794 8.95168
1703 9.29011 -13.8133
1704 6.66152 -11.872
1705 5.57688 -15.709
1706 22.2174 3.53334
1707 -14.8452 -0.352672
1708 12.9323 -16.5327
1709 7.54543 7.21978
1710 -10.0012 15.6487
1711 -30.1642 -9.37139
1712 -7.67559 41.5598
1713 2.97071 -16.3339
1714 -28.7578 -5.92619
1715 -2.03019 0.899339
1716 -24.0765 17.0304
1717 20.0209 7.79069
1718 25.7056 -18.4862
1719 -25.2332 -23.8746
1720 -8.58703 -31.5779
1721 -42.0515 45.3633
1722 11.4872 -5.21514
1723 -7.86304 -2.53857
1724 -3.04237 5.82348
1725 8.78259 17.9924
1726 -17.1892 20.4995
1727 21.0208 23.9217
1728 -14.1193 -16.5072
1729 5.37097 29.394
1730 20.5978 -13.3152
1731 -12.8608 -17.5833
1732 20.2357 -26.5235
1733 -23.0438 34.1476
1734 4.00639 23.8176
1735 28.883 -37.8329
1736 -28.0878 18.4947
1737 19.7369 65.7572
1738 -5.15671 8.5132
1739 17.184 -31.0724
1740 0.925928 -14.8571
1741 -20.2421 -18.5243
1742 34.0451 5.68508
1743 39.2159 38.2904
1744 -6.1037 -24.1043
1745 7.57695 35.4733
1746 -28.2335 21.7402
1747 22.1164 -15.4732
1748 12.5801 12.6013
1749 19.7148 6.88583
1750 -31.0691 20.427
1751 -30.8953 18.4203
1752 14.9795 -24.6904
1753 4.11322 39.4924
1754 28.6837 25.2232
1755 21.7612 25.9629
1756 23.8626 -10.9416
1757 21.268 17.4134
1758 48.1262 33.7981
1759 18.8248 -54.1898
1760 29.4351 7.85481
1761 -1.5976 16.6341
1762 2.68654 33.0596
1763 0.318355 13.5655
1764 28.6817 -30.0217
1765 -61.5073 -15.2484
1766 30.3619 -31.3619
1767 -23.2473 0.299085
1768 9.42057 2.20733
1769 -31.0341 17.5024
1770 -3.57634 -8.20943
1771 -33.6443 5.43312
1772 29.8636 5.50899
1773 -19.5255 8.05215
1774 -41.7771 11.6398
1775 47.6141 11.3703
1776 32.1283 -14.2167
1777 -15.2412 -13.31
1778 10.2323 -21.7175
1779 7.49238 -6.1855
1780 19.5191 36.3079
1781 6.9722 -4.97179
1782 41.3458 -26.828
1783 14.186 13.1961
1784 -14.3547 23.6062
1785 34.0134 6.13987
1786 -52.1794 -6.81328
1787 -37.8605 -33.4435
1788 -43.5061 -3.6684
1789 -9.74111 13.1482
1790 -14.0439 -10.0787
1791 -26.0096 -64.7256
1792 -34.9028 32.5577
1793 30.0491 14.1238
1794 36.3828 20.0125
1795 30.2785 -35.1494
1796 9.75694 -36.9595
1797 33.5654 28.033
1798 66.1377 8.17513
1799 -40.1106 4.35348
1800 16.0461 9.05064
1801 26.5264 -19.5726
1802 -0.982855 -20.819
1803 0.653317 -9.75541
1804 12.1166 -5.14728
1805 16.3863 -29.389
1806 -19.7276 -46.8322
1807 -23.2568 19.9995
1808 15.3786 7.84925
1809 -15.2874 -2.31404
1810 -31.8472 13.3694
1811 18.7911 20.1471
1812 -10.8777 26.1259
1813 -18.8683 6.32598
1814 10.6381 -32.5888
1815 -21.7198 12.2237
1816 11.5424 -13.21
1817 -3.77352 17.1664
1818 26.3229 -21.0499
1819 8.79896 32.0049
1820 32.0823 17.7076
1821 -21.9856 16.5378
1822 -29.1362 22.007
1823 -4.18032 -6.32988
1824 -9.80265 17.5482
1825 8.7265 16.2043
1826 -3.9419 55.1893
1827 44.0253 -13.03
1828 -2.06368 -7.21678
1829 37.0784 -40.9127
1830 39.9437 -13.4421
1831 -40.0414 -4.96599
1832 0.0964141 -27.5881
1833 -7.89281 -3.5212
1834 18.2654 -12.5613
1835 -55.4726 -29.9637
1836 -11.7474 46.1409
1837 -45.0765 -25.5096
1838 -27.8054 -42.5052
1839 19.7249 18.1402
1840 -67.1032 -38.7542
1841 -4.49199 -5.74548
1842 -14.1496 -3.63511
1843 -0.67364 -11.6454
1844 -2.67298 5.33413
1845 15.8313 3.33618
1846 -14.0468 -23.2025
1847 -18.2949 27.8756
1848 -35.315 -15.3689
1849 38.7712 -3.53129
1850 -18.3884 -4.93386
1851 4.08535 0.956571
1852 31.5796 10.7842
1853 19.1273 29.1765
1854 18.1174 4.49651
1855 2.85105 -15.9443
1856 18.4851 31.4961
1857 30.8364 -17.8422
1858 22.6129 12.1303
1859 -35.0319 -23.9682
1860 35.8467 -9.58457
1861 4.49834 -10.7204
1862 20.94 14.6604
1863 -6.29404 23.8624
1864 -32.5253 17.7832
1865 6.03658 0.029157
1866 -64.5854 19.9491
1867 -1.58142 23.0813
1868 -19.7729 1.31812
1869 -25.889 27.0264
1870 -15.8681 31.9528
1871 32.2609 -19.3482
1872 0.633721 15.033
1873 -13.3203 27.1513
1874 -9.56213 15.9757
1875 -11.847 44.3124
1876 35.6879 5.84434
1877 -41.0813 0.190933
1878 -58.9403 3.59363
1879 -13.1404 -6.93967
1880 -41.2865 17.9342
1881 1.64565 7.34627
1882 17.4015 30.5837
1883 17.9756 44.2643
1884 -4.57914 -2.09493
1885 -24.0853 -10.6748
1886 -7.50232 21.6157
1887 -15.6501 7.13029
1888 -43.7772 19.1248
1889 -0.138086 -27.8941
1890 44.4177 8.07767
1891 27.8073 -7.09465
1892 40.8675 0.483989
1893 10.7271 -24.5487
1894 10.6047 -4.85969
1895 -6.87652 -12.2856
1896 15.4257 18.1515
1897 11.2817 -31.8247
1898 50.0623 -12.3224
1899 -9.02259 65.3922
1900 -9.44215 34.7855
1901 17.3824 -2.31099
1902 -9.11703 -28.569
1903 14.5171 -22.1596
1904 -2.6303 -8.65449
1905 3.06508 -9.96537
1906 22.4457 52.2227
1907 -40.7846 14.1429
1908 29.2119 -43.6222
1909 32.5661 -29.9694
1910 -17.4744 6.44617
1911 9.11293 21.4246
1912 21.0046 -6.95246
1913 4.10504 24.0458
1914 23.8039 9.74803
1915 11.1741 -2.49944
1916 -16.5566 -3.24059
1917 -31.2252 4.71424
1918 -53.5504 -65.8274
1919 -5.30587 35.2149
1920 24.6981 -44.8168
1921 37.5144 -13.3473
1922 20.5186 -14.0288
1923 -13.5121 26.6481
1924 15.0385 4.53039
1925 29.7878 48.1237
1926 -21.5949 9.46129
1927 -7.41532 -8.2463
1928 -40.4789 16.2581
1929 12.2425 1.15696
1930 -25.617 -36.1313
1931 39.2319 10.9059
1932 11.4213 -17.0276
1933 -12.5811 -20.6935
1934 -20.6266 -19.0759
1935 -6.95423 6.30542
1936 -39.152 -58.3458
1937 36.4541 -12.6928
1938 -26.243 -2.08867
1939 0.0287089 -9.05706
1940 -55.216 6.37689
1941 29.7494 -6.55677
1942 28.3674 -0.227347
1943 23.6026 -5.07224
1944 28.8637 -3.13819
1945 -1.76465 16.2711
1946 2.47476 25.1554
1947 7.24526 22.3162
1948 52.4259 -35.5237
1949 30.585 14.3349
1950 36.3366 17.9125
1951 -17.271 -52.7013
1952 -28.5815 -30.299
1953 -16.6814 19.9452
1954 12.5166 -24.2046
1955 -7.59913 -31.349
1956 -48.7072 -40.3996
1957 5.24019 26.7134
1958 29.1642 -17.8933
1959 -14.5525 -42.877
1960 2.01772 -13.5433
1961 20.303 1.36877
1962 -28.517 -59.4827
1963 -1.55575 37.9923
1964 -21.4319 -17.5734
1965 -0.475074 30.5699
1966 -7.03601 41.5323
1967 54.5367 34.7472
1968 -24.4379 -17.2349
1969 -8.1825 47.8618
1970 6.44196 -41.9055
1971 37.7752 31.8466
1972 25.9688 41.6857
1973 39.5714 33.3415
1974 10.2604 6.88652
1975 -35.883 -36.465
1976 5.00853 5.42143
1977 -12.8669 18.4954
1978 2.19757 7.51606
1979 -2.5453 -4.36185
1980 42.8704 -30.1211
1981 10.9234 12.9296
1982 -3.5569 -28.5756
1983 -23.128 -22.8195
1984 -2.30093 22.0016
1985 4.831 -40.4246
1986 -6.39237 49.3573
1987 2.79012 5.30459
1988 -0.903145 -47.7455
1989 -62.8649 8.59756
1990 -55.1946 7.79438
1991 50.2076 32.1992
1992 -24.7799 -53.7555
1993 15.5669 -45.699
1994 -5.95997 45.0419
1995 -18.5431 -14.3894
1996 47.7832 1.43721
1997 -9.68214 -11.9024
1998 20.2607 -16.2789
1999 2.00622 16.0591
2000 50.1651 -1.09039
2001 15.0985 19.3134
2002 42.6869 23.3977
2003 35.7324 -8.90756
2004 -24.6111 -20.4232
2005 8.50609 -5.65473
2006 26.5033 14.5609
2007 -35.3018 -41.7222
2008 34.9011 -15.1482
2009 -23.7396 24.9096
2010 -23.9212 8.95089
2011 -27.2426 19.0838
2012 -8.12787 -2.57595
2013 -38.9195 8.98868
2014 44.4928 -22.2387
2015 12.8583 11.4561
2016 -38.9826 -3.97864
2017 27.4118 7.87211
2018 31.4223 -55.813
2019 2.92495 -51.2273
2020 -22.1195 30.8369
2021 16.9872 -27.89
2022 4.00913 4.8549
2023 -19.8897 53.0292
2024 -12.2341 29.0572
2025 4.67137 -13.6138
2026 -38.0178 -26.8291
2027 11.1887 -25.4405
2028 -2.07518 -18.2691
2029 21.3674 -2.0883
2030 9.30483 3.03105
2031 36.7637 0.403656
2032 -7.92139 -36.6921
2033 26.447 5.01626
2034 20.1953 15.0367
2035 60.296 27.4471
2036 -18.2068 -41.1767
2037 -17.6431 17.5971
2038 1.05996 -6.30775
2039 -24.6763 -20.2365
2040 -8.96751 -4.74028
2041 -82.8328 38.1972
2042 7.5622 10.6197
2043 -42.1063 -2.24111
2044 -27.8828 31.204
2045 -11.4764 3.24794
2046 -66.6323 24.7309
2047 3.00441 -0.611745
2048 16.7038 0
2049 3.00441 0.611745
2050 -66.6323 -24.7309
2051 -11.4764 -3.24794
2052 -27.8828 -31.204
2053 -42.1063 2.24111
2054 7.5622 -10.6197
2055 -82.8328 -38.1972
2056 -8.96751 4.74028
2057 -24.6763 20.2365
2058 1.05996 6.30775
2059 -17.6431 -17.5971
2060 -18.2068 41.1767
2061 60.296 -27.4471
2062 20.1953 -15.0367
2063 26.447 -5.01626
2064 -7.92139 36.6921
2065 36.7637 -0.403656
2066 9.30483 -3.03105
2067 21.3674 2.0883
2068 -2.07518 18.2691
2069 11.1887 25.4405
2070 -38.0178 26.8291
2071 4.67137 13.6138
2072 -12.2341 -29.0572
2073 -19.8897 -53.0292
2074 4.00913 -4.8549
2075 16.9872 27.89
2076 -22.1195 -30.8369
2077 2.92495 51.2273
2078 31.4223 55.813
2079 27.4118 -7.87211
2080 -38.9826 3.97864
2081 12.8583 -11.4561
2082 44.4928 22.2387
2083 -38.9195 -8.98868
2084 -8.12787 2.57595
2085 -27.2426 -19.0838
2086 -23.9212 -8.95089
2087 -23.7396 -24.9096
2088 34.9011 15.1482
2089 -35.3018 41.7222
2090 26.5033 -14.5609
2091 8.50609 5.65473
2092 -24.6111 20.4232
2093 35.7324 8.90756
2094 42.6869 -23.3977
2095 15.0985 -19.3134
2096 50.1651 1.09039
2097 2.00622 -16.0591
2098 20.2607 16.2789
2099 -9.68214 11.9024
2100 47.7832 -1.43721
2101 -18.5431 14.3894
2102 -5.95997 -45.0419
2103 15.5669 45.699
2104 -24.7799 53.7555
2105 50.2076 -32.1992
2106 -55.1946 -7.79438
2107 -62.8649 -8.59756
2108 -0.903145 47.7455
2109 2.79012 -5.30459
2110 -6.39237 -49.3573
2111 4.831 40.4246
2112 -2.30093 -22.0016
2113 -23.128 22.8195
2114 -3.5569 28.5756
2115 10.9234 -12.9296
2116 42.8704 30.1211
2117 -2.5453 4.36185
2118 2.19757 -7.51606
2119 -12.8669 -18.4954
2120 5.00853 -5.42143
2121 -35.883 36.465
2122 10.2604 -6.88652
2123 39.5714 -33.3415
2124 25.9688 -41.6857
2125 37.7752 -31.8466
2126 6.44196 41.9055
2127 -8.1825 -47.8618
2128 -24.4379 17.2349
2129 54.5367 -34.7472
2130 -7.03601 -41.5323
2131 -0.475074 -30.5699
2132 -21.4319 17.5734
2133 -1.55575 -37.9923
2134 -28.517 59.4827
2135 20.303 -1.36877
2136 2.01772 13.5433
2137 -14.5525 42.877
2138 29.1642 17.8933
2139 5.24019 -26.7134
2140 -48.7072 40.3996
2141 -7.59913 31.349
2142 12.5166 24.2046
2143 -16.6814 -19.9452
2144 -28.5815 30.299
2145 -17.271 52.7013
2146 36.3366 -17.9125
2147 30.585 -14.3349
2148 52.4259 35.5237
2149 7.24526 -22.3162
2150 2.47476 -25.1554
2151 -1.76465 -16.2711
2152 28.8637 3.13819
2153 23.6026 5.07224
2154 28.3674 0.227347
2155 29.7494 6.55677
2156 -55.216 -6.37689
2157 0.0287089 9.05706
2158 -26.243 2.08867
2159 36.4541 12.6928
2160 -39.152 58.3458
2161 -6.95423 -6.30542
2162 -20.6266 19.0759
2163 -12.5811 20.6935
2164 11.4213 17.0276
2165 39.2319 -10.9059
2166 -25.617 36.1313
2167 12.2425 -1.15696
2168 -40.4789 -16.2581
2169 -7.41532 8.2463
2170 -21.5949 -9.46129
2171 29.7878 -48.1237
2172 15.0385 -4.53039
2173 -13.5121 -26.6481
2174 20.5186 14.0288
2175 37.5144 13.3473
2176 24.6981 44.8168
2177 -5.30587 -35.2149
2178 -53.5504 65.8274
2179 -31.2252 -4.71424
2180 -16.5566 3.24059
2181 11.1741 2.49944
2182 23.8039 -9.74803
2183 4.10504 -24.0458
2184 21.0046 6.95246
2185 9.11293 -21.4246
2186 -17.4744 -6.44617
2187 32.5661 29.9694
2188 29.2119 43.6222
2189 -40.7846 -14.1429
2190 22.4457 -52.2227
2191 3.06508 9.96537
2192 -2.6303 8.65449
2193 14.5171 22.1596
2194 -9.11703 28.569
2195 17.3824 2.31099
2196 -9.44215 -34.7855
2197 -9.02259 -65.3922
2198 50.0623 12.3224
2199 11.2817 31.8247
2200 15.4257 -18.1515
2201 -6.87652 12.2856
2202 10.6047 4.85969
2203 10.7271 24.5487
2204 40.8675 -0.483989
2205 27.8073 7.09465
2206 44.4177 -8.07767
2207 -0.138086 27.8941
2208 -43.7772 -19.1248
2209 -15.6501 -7.13029
2210 -7.50232 -21.6157
2211 -24.0853 10.6748
2212 -4.57914 2.09493
2213 17.9756 -44.2643
2214 17.4015 -30.5837
2215 1.64565 -7.34627
2216 -41.2865 -17.9342
2217 -13.1404 6.93967
2218 -58.9403 -3.59363
2219 -41.0813 -0.190933
2220 35.6879 -5.84434
2221 -11.847 -44.3124
2222 -9.56213 -15.9757
2223 -13.3203 -27.1513
2224 0.633721 -15.033
2225 32.2609 19.3482
2226 -15.8681 -31.9528
2227 -25.889 -27.0264
2228 -19.7729 -1.31812
2229 -1.58142 -23.0813
2230 -64.5854 -19.9491
2231 6.03658 -0.029157
2232 -32.5253 -17.7832
2233 -6.29404 -23.8624
2234 20.94 -14.6604
2235 4.49834 10.7204
2236 35.8467 9.58457
2237 -35.0319 23.9682
2238 22.6129 -12.1303
2239 30.8364 17.8422
2240 18.4851 -31.4961
2241 2.85105 15.9443
2242 18.1174 -4.49651
2243 19.1273 -29.1765
2244 31.5796 -10.7842
2245 4.08535 -0.956571
2246 -18.3884 4.93386
2247 38.7712 3.53129
2248 -35.315 15.3689
2249 -18.2949 -27.8756
2250 -14.0468 23.2025
2251 15.8313 -3.33618
2252 -2.67298 -5.33413
2253 -0.67364 11.6454
2254 -14.1496 3.63511
2255 -4.49199 5.74548
2256 -67.1032 38.7542
2257 19.7249 -18.1402
2258 -27.8054 42.5052
2259 -45.0765 25.5096
2260 -11.7474 -46.1409
2261 -55.4726 29.9637
2262 18.2654 12.5613
2263 -7.89281 3.5212
2264 0.0964141 27.5881
2265 -40.0414 4.96599
2266 39.9437 13.4421
2267 37.0784 40.9127
2268 -2.06368 7.21678
2269 44.0253 13.03
2270 -3.9419 -55.1893
2271 8.7265 -16.2043
2272 -9.80265 -17.5482
2273 -4.18032 6.32988
2274 -29.1362 -22.007
2275 -21.9856 -16.5378
2276 32.0823 -17.7076
2277 8.79896 -32.0049
2278 26.3229 21.0499
2279 -3.77352 -17.1664
2280 11.5424 13.21
2281 -21.7198 -12.2237
2282 10.6381 32.5888
2283 -18.8683 -6.32598
2284 -10.8777 -26.1259
2285 18.7911 -20.1471
2286 -31.8472 -13.3694
2287 -15.2874 2.31404
2288 15.3786 -7.84925
2289 -23.2568 -19.9995
2290 -19.7276 46.8322
2291 16.3863 29.389
2292 12.1166 5.14728
2293 0.653317 9.75541
2294 -0.982855 20.819
2295 26.5264 19.5726
2296 16.0461 -9.05064
2297 -40.1106 -4.35348
2298 66.1377 -8.17513
2299 33.5654 -28.033
2300 9.75694 36.9595
2301 30.2785 35.1494
2302 36.3828 -20.0125
2303 30.0491 -14.1238
2304 -34.9028 -32.5577
2305 -26.0096 64.7256
2306 -14.0439 10.0787
2307 -9.74111 -13.1482
2308 -43.5061 3.6684
2309 -37.8605 33.4435
2310 -52.1794 6.81328
2311 34.0134 -6.13987
2312 -14.3547 -23.6062
2313 14.186 -13.1961
2314 41.3458 26.828
2315 6.9722 4.97179
2316 19.5191 -36.3079
2317 7.49238 6.1855
2318 10.2323 21.7175
2319 -15.2412 13.31
2320 32.1283 14.2167
2321 47.6141 -11.3703
2322 -41.7771 -11.6398
2323 -19.5255 -8.05215
2324 29.8636 -5.50899
2325 -33.6443 -5.43312
2326 -3.57634 8.20943
2327 -31.0341 -17.5024
2328 9.42057 -2.20733
2329 -23.2473 -0.299085
2330 30.3619 31.3619
2331 -61.5073 15.2484
2332 28.6817 30.0217
2333 0.318355 -13.5655
2334 2.68654 -33.0596
2335 -1.5976 -16.6341
2336 29.4351 -7.85481
2337 18.8248 54.1898
2338 48.1262 -33.7981
2339 21.268 -17.4134
2340 23.8626 10.9416
2341 21.7612 -25.9629
2342 28.6837 -25.2232
2343 4.11322 -39.4924
2344 14.9795 24.6904
2345 -30.8953 -18.4203
2346 -31.0691 -20.427
2347 19.7148 -6.88583
2348 12.5801 -12.6013
2349 22.1164 15.4732
2350 -28.2335 -21.7402
2351 7.57695 -35.4733
2352 -6.1037 24.1043
2353 39.2159 -38.2904
2354 34.0451 -5.68508
2355 -20.2421 18.5243
2356 0.925928 14.8571
2357 17.184 31.0724
2358 -5.15671 -8.5132
2359 19.7369 -65.7572
2360 -28.0878 -18.4947
2361 28.883 37.8329
2362 4.00639 -23.8176
2363 -23.0438 -34.1476
2364 20.2357 26.5235
2365 -12.8608 17.5833
2366 20.5978 13.3152
2367 5.37097 -29.394
2368 -14.1193 16.5072
2369 21.0208 -23.9217
2370 -17.1892 -20.4995
2371 8.78259 -17.9924
2372 -3.04237 -5.82348
2373 -7.86304 2.53857
2374 11.4872 5.21514
2375 -42.0515 -45.3633
2376 -8.58703 31.5779
2377 -25.2332 23.8746
2378 25.7056 18.4862
2379 20.0209 -7.79069
2380 -24.0765 -17.0304
2381 -2.03019 -0.899339
2382 -28.7578 5.92619
2383 2.97071 16.3339
2384 -7.67559 -41.5598
2385 -30.1642 9.37139
2386 -10.0012 -15.6487
2387 7.54543 -7.21978
2388 12.9323 16.5327
2389 -14.8452 0.352672
2390 22.2174 -3.53334
2391 5.57688 15.709
2392 6.66152 11.872
2393 9.29011 13.8133
2394 3.56794 -8.95168
2395 -27.013 7.35386
2396 24.6376 -65.3747
2397 -0.221894 -17.4945
2398 9.48388 39.1972
2399 -1.15308 -5.97046
2400 -39.4566 7.21139
2401 -23.064 8.71241
2402 -10.0305 -7.70456
2403 -19.7056 -33.578
2404 -10.7845 -36.7615
2405 14.512 -26.7993
2406 32.7033 55.8852
2407 -56.277 21.3134
2408 15.7874 18.2764
2409 21.7688 28.5876
2410 -11.8404 -4.13182
2411 11.0656 -19.5424
2412 32.8784 -21.1136
2413 -5.50568 9.39335
2414 3.2975 -6.48396
2415 -7.60171 6.79668
2416 -0.508223 -20.5393
2417 23.3364 -5.94701
2418 28.1332 21.4613
2419 -33.7479 -12.3594
2420 -1.0306 -4.5548
2421 26.2102 -16.3363
2422 -10.1765 -68.1146
2423 17.0227 -26.672
2424 0.854944 6.94989
2425 -12.8336 -5.15378
2426 -20.7597 1.0389
2427 -59.3697 11.3973
2428 -3.2926 -31.2062
2429 8.77406 -50.7752
2430 -21.4601 12.5381
2431 -41.1133 -1.03798
2432 -35.4435 -23.9648
2433 15.3665 -46.3059
2434 21.6372 17.563
2435 -11.5997 -14.9951
2436 -20.7461 17.8365
2437 3.87541 32.3718
2438 10.0395 3.28838
2439 36.4601 46.5477
2440 -19.4829 -30.5913
2441 -14.5801 -42.2465
2442 -35.4016 -27.1277
2443 12.05 42.4682
2444 -33.2848 20.8126
2445 62.8574 -22.253
2446 74.6214 42.7552
2447 -3.71717 -11.7482
2448 -0.70029 -40.1922
2449 12.0266 12.3775
2450 6.23207 19.7384
2451 -51.611 -19.139
2452 61.3157 -26.0588
2453 -40.162 9.18511
2454 3.9673 -15.0018
2455 -25.4941 33.6133
2456 9.53509 27.343
2457 -26.7987 -44.7999
2458 1.49023 -42.4795
2459 3.19147 19.1216
2460 -6.61622 4.86592
2461 33.6414 24.6621
2462 34.7321 -24.3044
2463 19.4565 -32.9041
2464 -5.37265 13.1994
2465 19.4456 -11.6607
2466 -28.4311 47.4336
2467 -26.2984 18.9302
2468 11.4368 -47.7454
2469 -4.46427 -25.6282
2470 -30.5328 26.9921
2471 -9.7789 -40.5753
2472 12.4363 -54.6985
2473 4.42272 0.423443
2474 -15.0833 1.78876
2475 14.5963 32.8088
2476 22.1143 -2.81432
2477 25.35 -14.4728
2478 -18.3991 28.0852
2479 17.4669 9.08735
2480 -52.2191 1.80408
2481 -28.6767 8.80853
2482 -30.7673 -19.7667
2483 -0.454328 35.9773
2484 -61.5928 34.8401
2485 25.6668 18.0327
2486 -54.3681 50.9053
2487 -1.7212 -51.2678
2488 -7.42187 12.6887
2489 -71.5732 -42.3104
2490 -17.9245 0.204031
2491 45.4198 -7.73259
2492 20.0317 1.40766
2493 33.7421 17.28
2494 -17.674 35.6436
2495 -13.4397 20.4132
2496 2.35037 -13.0139
2497 -9.13752 -29.8636
2498 -3.99308 -35.327
2499 -16.8738 13.2558
2500 82.8653 -34.0425
2501 -21.4237 32.7456
2502 2.40029 -85.7837
2503 -31.8296 -22.7032
2504 6.97062 5.17403
2505 3.57968 -33.5281
2506 16.7356 -14.7256
2507 61.6585 -30.0237
2508 -16.9445 3.21457
2509 23.2267 16.8292
2510 -33.5518 -30.1543
2511 -13.8903 19.8961
2512 28.6558 40.3455
2513 -7.69307 -1.4827
2514 20.2457 -2.52112
2515 49.5321 -1.23495
2516 -29.5641 1.36181
2517 37.6702 -9.75869
2518 -9.447 -40.566
2519 -38.7629 36.4778
2520 6.31554 -46.0376
2521 3.70954 -16.8352
2522 14.1784 -41.0215
2523 -16.1666 -13.1699
2524 -46.4955 66.1356
2525 -13.5456 15.3584
2526 22.2366 -50.0853
2527 -12.5635 7.64425
2528 20.985 1.41534
2529 8.44156 -9.63874
2530 -24.2011 -5.66307
2531 -19.7711 24.9966
2532 -16.1581 23.7409
2533 14.0305 -10.2379
2534 24.5121 -15.0436
2535 -31.9518 -8.33875
2536 37.1136 6.5331
2537 1.54062 -18.0054
2538 -27.8054 -12.3468
2539 34.4783 -1.75538
2540 7.33879 19.5931
2541 -41.9286 -0.578802
2542 4.18676 -10.125
2543 -12.7816 -8.27124
2544 -16.1434 4.46579
2545 -22.4911 -5.47381
2546 -34.5637 -27.7048
2547 50.2099 1.76489
2548 24.942 -12.4579
2549 6.80197 -61.7111
2550 -23.5422 1.56003
2551 -12.7848 47.819
2552 -25.5113 -19.8367
2553 -0.539923 -7.15564
2554 22.6323 38.7309
2555 -26.0587 -1.3661
2556 -22.7004 -29.3601
2557 -1.85599 -35.8514
2558 -28.7625 -43.7998
2559 61.8232 -5.94668
2560 1.00228 -6.97263
2561 -3.8598 -9.93715
2562 -30.4688 -22.5256
2563 17.0247 -13.5707
2564 -24.1863 30.1774
2565 10.2146 -20.4561
2566 13.9713 28.4374
2567 33.544 7.15974
2568 -31.9492 -9.17988
2569 -19.2924 7.15453
2570 -39.4765 54.5594
2571 -4.74613 -41.5758
2572 -25.1103 13.3648
2573 -13.372 -24.8628
2574 6.81252 13.0827
2575 -10.4439 58.8347
2576 28.0045 4.91062
2577 8.88048 39.0843
2578 -9.25186 -5.19697
2579 -7.19264 -1.69445
2580 -4.23919 -4.48566
2581 -17.9737 -14.2232
2582 21.1067 -32.5074
2583 11.6381 -25.0883
2584 17.0452 4.72067
2585 -27.0616 -24.6783
2586 5.53391 -2.02473
2587 29.3587 12.3618
2588 22.8205 -19.5764
2589 -26.442 12.4158
2590 -20.0505 -19.3624
2591 -36.4705 -5.99462
2592 -2.59019 -23.3573
2593 -23.4548 -22.6526
2594 -14.1024 -0.0415568
2595 0.387327 1.39684
2596 -1.67623 1.18259
2597 -6.30469 -33.4049
2598 3.7677 -24.0575
2599 12.5716 41.1396
2600 -41.475 59.5038
2601 19.7987 -18.4687
2602 14.5722 10.2886
2603 6.06689 19.0444
2604 50.7724 -34.8522
2605 -1.50456 22.876
2606 9.24821 -24.1454
2607 0.855381 -22.7356
2608 -5.6785 -31.8352
2609 0.502454 10.9164
2610 24.2858 23.5564
2611 28.9231 -13.0709
2612 45.9004 0.875759
2613 -11.4556 21.7132
2614 19.5522 31.0003
2615 -22.3507 8.60662
2616 44.4617 15.4254
2617 5.43232 8.6259
2618 -8.9406 -17.7482
2619 23.0639 -5.9021
2620 17.4492 9.10628
2621 -11.8972 7.22937
2622 -33.2007 29.3171
2623 14.0354 -46.3696
2624 -8.27133 1.68444
2625 24.6843 1.74648
2626 -21.5654 -8.7171
2627 -45.3405 8.732
2628 57.21 -6.64807
2629 27.9296 -25.7524
2630 18.8343 -47.8626
2631 33.8849 -5.79241
2632 12.0129 24.7534
2633 -7.31726 0.113737
2634 -6.11812 -19.8618
2635 33.9148 -30.6242
2636 20.9159 -31.148
2637 -4.90026 76.5244
2638 49.5891 -21.3193
2639 -26.7296 60.9392
2640 2.52272 25.8658
2641 -37.956 31.6924
2642 28.0142 -47.4598
2643 -26.1371 24.8172
2644 4.33803 -7.35879
2645 -4.34551 -0.221047
2646 26.8451 16.2467
2647 14.226 3.69173
2648 15.511 -18.1073
2649 0.108851 22.5271
2650 7.01315 19.8414
2651 15.2161 -0.145004
2652 17.9974 27.6774
2653 -32.2772 0.423935
2654 -10.4119 19.5041
2655 -13.5417 4.38069
2656 7.28331 -24.4963
2657 -76.3889 -4.84741
2658 36.8717 -3.79411
2659 3.13146 -62.293
2660 4.03217 -15.4516
2661 25.8949 35.2309
2662 -16.9377 -37.7023
2663 12.5151 7.4097
2664 -7.59208 -2.30722
2665 29.1466 11.8272
2666 29.299 27.5063
2667 -1.29627 -15.5141
2668 -7.97042 16.2425
2669 30.9034 -7.43528
2670 0.302053 13.9449
2671 -34.3114 15.1736
2672 -15.8323 -28.0879
2673 36.103 10.1287
2674 12.6432 -29.7507
2675 7.46595 1.0045
2676 -7.72054 30.8003
2677 6.4025 14.5819
2678 15.6135 -36.9991
2679 -0.95947 -30.4036
2680 14.0969 -42.8915
2681 31.5929 -10.1242
2682 -33.1687 -26.2181
2683 8.83537 31.4192
2684 13.6897 47.4403
2685 11.8255 -11.3722
2686 43.0928 -37.5712
2687 -16.2109 23.7953
2688 -3.20637 -22.2014
2689 -23.7063 -15.4045
2690 1.1517 31.227
2691 40.4204 -38.3188
2692 54.8872 6.38033
2693 -6.53483 -26.7307
2694 33.4746 20.2045
2695 9.18484 5.53774
2696 -21.2787 -4.47604
2697 22.527 20.6508
2698 17.4474 -11.6768
2699 -8.31142 -26.2039
2700 11.2767 2.72195
2701 -32.4162 16.9723
2702 -24.3107 8.98844
2703 -1.27192 -63.9067
2704 9.30879 -14.3195
2705 -23.9887 15.075
2706 -50.8131 11.3315
2707 22.1964 19.4539
2708 8.56515 -52.229
2709 -23.2859 24.4345
2710 -40.1574 29.7351
2711 -21.7158 -16.1561
2712 -2.43334 77.5938
2713 -31.7943 -2.90409
2714 -59.2528 45.9621
2715 -17.3151 -2.32049
2716 -40.5158 3.94782
2717 55.891 -60.2137
2718 -11.4179 -4.69004
2719 6.647 20.5798
2720 -22.2875 -19.4
2721 16.106 -1.95739
2722 -59.0814 -7.98547
2723 50.9956 0.894374
2724 -54.3949 4.08044
2725 7.13756 12.1683
2726 -6.04049 9.45192
2727 1.71209 34.9842
2728 -23.4767 -9.4306
2729 6.02334 -15.5866
2730 42.4573 -35.0489
2731 -38.4889 -31.0313
2732 -4.88216 0.225879
2733 43.0001 37.3399
2734 34.4498 52.4467
2735 -30.3741 12.4391
2736 -6.78138 14.6451
2737 -18.5058 38.372
2738 -62.6269 -42.4334
2739 -51.4743 -38.0303
2740 -34.1349 -61.1796
2741 -11.7797 -9.25836
2742 4.13757 17.5737
2743 38.307 33.1677
2744 -9.87847 -17.8441
2745 -17.2294 20.6106
2746 -22.1618 12.0312
2747 12.5293 23.5006
2748 32.2215 15.0722
2749 -6.51253 -30.7914
2750 7.96288 11.4948
2751 -23.4407 2.05828
2752 -10.015 -5.4501
2753 18.0001 11.7382
2754 -0.441226 -20.6164
2755 9.56291 -12.7504
2756 66.7855 -3.53778
2757 -14.2088 35.5725
2758 43.5485 8.28734
2759 -21.5112 -14.2639
2760 -17.7435 -1.94043
2761 7.28622 0.93788
2762 53.6703 58.8833
2763 25.2554 7.45507
2764 6.11255 19.5638
2765 -21.8555 -3.53605
2766 5.00608 29.1478
2767 0.912391 -4.25903
2768 10.9283 20.2602
2769 -1.67836 -37.6283
2770 -25.8702 -9.73745
2771 8.70212 -4.21033
2772 1.95126 8.95474
2773 15.9624 22.821
2774 39.6386 -47.4898
2775 39.3587 21.9601
2776 -6.59004 17.9089
2777 21.0254 5.25282
2778 9.21602 -3.69266
2779 -3.45373 -6.2389
2780 6.85779 -57.1813
2781 1.88296 -4.77372
2782 31.142 -17.3808
2783 6.09158 1.74954
2784 16.6896 -59.3953
2785 14.5254 -26.7863
2786 -23.9714 38.5279
2787 33.6047 1.08574
2788 12.7391 30.3452
2789 -14.393 35.0637
2790 -1.64289 4.6714
2791 -12.3759 30.8011
2792 -15.5484 -13.3827
2793 6.6726 -44.1938
2794 41.8285 15.7681
2795 31.1703 -21.5151
2796 5.90421 -14.1379
2797 -26.9149 5.14564
2798 -29.01 -38.2571
2799 19.7314 -23.9052
2800 -34.0476 40.5573
2801 -22.8468 3.57613
2802 22.3661 -36.1104
2803 -28.5259 15.8822
2804 -54.5494 5.92234
2805 -11.2079 -31.9868
2806 27.0651 20.9895
2807 41.8116 12.7912
2808 36.464 17.9223
2809 0.880593 -0.681209
2810 -5.68082 -9.68362
2811 -28.8111 -1.14684
2812 -62.4525 58.6878
2813 32.4578 -3.04164
2814 1.04263 -35.6204
2815 -9.46244 13.1037
2816 19.6762 27.8172
2817 -1.89084 7.10704
2818 12.7747 10.6251
2819 13.4178 0.840081
2820 22.2081 6.73294
2821 15.8119 33.74
2822 37.0519 -54.4031
2823 -40.961 -37.0439
2824 45.6254 16.2384
2825 19.4156 -27.8801
2826 -27.5242 -64.5425
2827 -25.1566 21.3501
2828 -9.01387 22.9995
2829 -3.0578 -7.85311
2830 -4.99999 7.80238
2831 29.244 -28.909
2832 -26.3282 -12.4579
2833 14.0365 -53.1502
2834 43.9849 -9.46997
2835 -20.9586 17.2747
2836 -34.0346 -23.4435
2837 -42.1435 15.0706
2838 -19.3335 15.3448
2839 11.074 42.6959
2840 29.725 18.7428
2841 -26.2497 -6.89883
2842 0.401848 -28.8658
2843 8.40787 6.97531
2844 27.9329 -4.5152
2845 -33.7234 36.2463
2846 0.722284 -8.83558
2847 54.604 33.8876
2848 -0.735673 11.8578
2849 10.1281 -5.85318
2850 34.4896 67.0897
2851 -6.24337 19.559
2852 6.01129 0.82413
2853 10.1445 -26.0912
2854 10.9121 35.6244
2855 -7.1732 30.9539
2856 -5.38924 0.432492
2857 -4.03402 -13.2127
2858 -45.016 27.6793
2859 -10.2986 6.81954
2860 14.8444 -19.6941
2861 3.83305 34.1131
2862 -14.8371 8.77677
2863 -4.25494 -9.17316
2864 26.5331 -0.993965
2865 31.3062 -33.0851
2866 -4.69957 6.91202
2867 -10.4054 3.52967
2868 1.06752 -11.6936
2869 -25.1644 20.7096
2870 15.7619 -17.5718
2871 34.909 -28.681
2872 -9.77767 -3.21559
2873 17.3867 -8.39538
2874 -3.26476 5.85708
2875 21.2561 -21.7416
2876 9.13543 -32.3917
2877 -14.2408 7.06053
2878 -27.2614 6.87046
2879 15.0593 36.5777
2880 -32.6996 -4.62403
2881 -5.91191 8.63672
2882 -34.8335 -18.4136
2883 -7.58538 -26.8849
2884 -12.5422 13.618
2885 -20.2322 -7.86558
2886 0.287246 -27.0393
2887 19.6793 6.45273
2888 2.81156 -102.632
2889 19.3815 54.5423
2890 41.5392 -17.1228
2891 -16.2473 -26.6993
2892 -12.2599 -45.0003
2893 9.35825 26.8318
2894 24.1711 -23.9975
2895 -2.74926 6.09317
2896 -30.8348 -5.95712
2897 51.2454 32.5416
2898 -6.09947 -32.5717
2899 -31.3306 -5.32393
2900 -16.9175 19.138
2901 43.3955 -28.22
2902 23.5381 -17.0889
2903 -31.083 -22.4055
2904 3.84825 -51.5336
2905 9.09393 -7.98292
2906 -6.18487 -49.4305
2907 1.80748 -3.88361
2908 56.5327 23.9221
2909 -15.4614 -43.4375
2910 32.4354 -31.2865
2911 -32.5721 20.2298
2912 -13.1133 13.0517
2913 69.2971 -1.44734
2914 42.4811 50.7291
2915 -10.1231 5.99195
2916 36.7045 7.32045
2917 -0.48678 -7.46979
2918 -4.07254 2.81985
2919 -3.07637 8.35805
2920 23.9299 -35.9636
2921 74.0828 5.2834
2922 -20.1769 43.5467
2923 1.34257 4.76846
2924 33.99 -7.84156
2925 57.7887 15.276
2926 -14.1769 -37.4458
2927 -16.5617 44.6893
2928 10.6303 -13.0634
2929 10.2881 3.75227
2930 41.7303 -12.407
2931 31.2175 0.362402
2932 -16.4491 -32.9414
2933 17.272 17.0255
2934 38.7943 22.3357
2935 -19.1869 28.7024
2936 28.7775 21.0662
2937 2.32468 10.7981
2938 -0.207132 -5.13529
2939 43.6845 22.4418
2940 -13.8623 3.72267
2941 0.837513 -25.4402
2942 21.9751 -9.32309
2943 -7.61057 25.1615
2944 4.90868 -26.3363
2945 -34.5654 57.3962
2946 -7.12648 42.0954
2947 -51.3659 -17.5943
2948 11.5701 -22.1943
2949 21.7874 5.35333
2950 31.1171 2.42461
2951 36.8828 -29.1487
2952 -30.1006 -3.79291
2953 5.76205 3.6558
2954 -16.1181 8.20294
2955 -4.91016 -8.23943
2956 50.2837 -18.576
2957 -4.05027 -0.409276
2958 0.0443178 50.291
2959 -29.8614 2.83443
2960 -14.9015 -55.1377
2961 39.9397 -29.3114
2962 7.81079 -18.3088
2963 -24.7009 35.2618
2964 -23.6532 5.99444
2965 44.2399 -12.2194
2966 16.8829 37.6301
2967 -12.7606 6.24452
2968 -8.64751 9.40459
2969 58.1698 -0.847472
2970 17.7598 26.1594
2971 10.0191 -17.4271
2972 -12.1326 -52.1542
2973 34.9246 -25.2595
2974 0.521263 -17.6047
2975 -19.3217 -29.1764
2976 11.6215 -28.0875
2977 -20.7367 8.75163
2978 16.9047 14.7872
2979 16.0756 -32.9197
2980 26.867 33.0717
2981 -21.9795 -41.7435
2982 -10.6797 -51.6969
2983 32.6917 14.394
2984 -8.97438 -50.981
2985 9.85799 -12.4209
2986 -45.1937 -28.8432
2987 -0.953604 45.1575
2988 4.8639 -2.79458
2989 -13.6423 -7.93919
2990 20.8299 0.169916
2991 57.2455 -21.8838
2992 -3.48745 -12.3664
2993 16.8826 11.4211
2994 -29.4752 -28.8577
2995 31.827 3.0121
2996 -15.7177 -5.64781
2997 -21.73 -22.2362
2998 18.8859 3.47948
2999 -47.3979 17.7057
3000 -26.0084 23.7372
3001 56.2678 12.4229
3002 -29.0537 13.9607
3003 14.7366 3.8148
3004 -2.34784 -2.24037
3005 22.5445 64.1475
3006 -16.7366 16.3783
3007 30.1163 60.9798
3008 -13.8713 -21.0303
3009 17.3879 23.6308
3010 28.9758 -50.3749
3011 8.15271 27.4661
3012 40.2391 16.7105
3013 18.4422 -13.8222
3014 -28.9911 45.2231
3015 -12.2327 -19.2949
3016 1.87198 -14.1594
3017 11.3313 32.1694
3018 -51.5813 -23.5996
3019 -25.3362 -19.6108
3020 27.7004 -33.8662
3021 -19.816 -2.91447
3022 -12.7689 31.1115
3023 40.9709 -1.19422
3024 25.0952 -19.4294
3025 59.7546 25.9921
3026 53.1323 35.0473
3027 39.3022 7.29173
3028 5.32999 -46.8929
3029 -29.6581 14.6006
3030 50.0887 -21.3568
3031 -17.5557 21.7481
3032 30.1375 12.2676
3033 34.9897 -12.8402
3034 17.6179 -7.31277
3035 -9.93634 6.50586
3036 7.12465 -9.54849
3037 -7.05343 15.0534
3038 31.1437 10.155
3039 19.9753 -8.94379
3040 -2.92319 -35.3952
3041 -1.81319 39.5229
3042 2.56069 20.6664
3043 35.3829 -46.5942
3044 26.1655 17.5622
3045 10.2606 -33.6938
3046 -24.4345 33.9007
3047 22.626 -34.0637
3048 14.5893 -18.5605
3049 15.5976 19.3619
3050 -0.383096 -1.50962
3051 -5.63202 -52.1618
3052 36.6059 35.6246
3053 36.172 -18.6762
3054 -20.0194 59.5319
3055 -22.0675 2.69244
3056 32.645 -12.764
3057 16.7469 10.2525
3058 -21.2475 14.054
3059 42.5873 11.4723
3060 -31.4009 -19.3411
3061 -38.691 -29.1832
3062 -2.35944 -45.1161
3063 42.021 -2.13078
3064 13.721 -0.0685795
3065 25.6631 6.02233
3066 -11.833 2.60777
3067 43.3623 28.7874
3068 -5.43723 -4.28802
3069 0.164277 1.36286
3070 -34.7715 -23.0267
3071 -15.9518 3.2667
3072 -0.754231 40.1975
3073 4.81197 -8.17646
3074 -29.4911 14.9783
3075 6.82536 -25.8025
3076 -53.8968 -15.7173
3077 16.8819 -2.37607
3078 -12.1775 16.89
3079 16.0086 48.857
3080 2.87861 15.8554
3081 -4.30136 -6.24002
3082 4.93808 -7.8197
3083 -33.0436 -16.461
3084 -15.9969 25.8029
3085 -6.74651 95.1352
3086 31.8244 -31.1649
3087 -39.686 3.00558
3088 55.9575 32.6813
3089 -37.3244 11.4253
3090 18.7435 12.2056
3091 -33.6159 -54.9753
3092 -42.5827 8.93783
3093 -3.39876 -4.45944
3094 -9.15205 10.6103
3095 64.9671 -7.50919
3096 9.27141 1.60748
3097 10.787 20.2047
3098 12.9334 36.04
3099 30.0224 34.2262
3100 31.2073 -4.24438
3101 -2.41161 -14.7475
3102 -10.1695 18.9076
3103 -24.4696 -48.5655
3104 -12.4891 47.0705
3105 -9.2656 -3.22017
3106 -24.5954 -9.10054
3107 -8.55888 40.6447
3108 -41.7504 -5.54628
3109 34.87 -31.1904
3110 30.3215 -3.48875
3111 46.5449 -25.0922
3112 20.4948 -19.4545
3113 -47.5573 8.30031
3114 -39.2721 -21.3297
3115 -23.7121 -18.9097
3116 16.2222 -60.5338
3117 1.48595 -36.1191
3118 -15.5667 18.0996
3119 -48.3879 6.27041
3120 -10.1053 14.9403
3121 -4.37601 21.7926
3122 14.2686 -46.4639
3123 -31.4729 -12.7444
3124 31.9874 -33.9071
3125 0.842683 31.8022
3126 -34.3044 17.5015
3127 -40.8501 -14.0798
3128 -14.1532 0.958676
3129 10.4091 2.23037
3130 39.263 -8.01846
3131 38.1159 34.7344
3132 23.2807 13.7663
3133 -6.13988 -42.0367
3134 -35.5641 48.5997
3135 18.8153 -8.99248
3136 -14.1451 28.9488
3137 6.18921 -6.49348
3138 -24.6155 -18.877
3139 -2.59616 14.5237
3140 -60.1206 -20.3728
3141 -45.6791 -25.7757
3142 4.44434 -31.8855
3143 3.28018 60.1207
3144 0.667255 27.9654
3145 6.85737 -3.86255
3146 -18.9127 26.6729
3147 17.7335 21.5104
3148 9.18565 -19.9033
3149 -30.829 21.7144
3150 -2.11207 -5.7059
3151 -27.426 -38.6466
3152 -22.196 23.2909
3153 15.7358 4.2387
3154 -31.5053 -35.0365
3155 -4.99071 18.17
3156 -1.5235 5.60585
3157 35.9887 -38.7434
3158 -36.3753 53.1539
3159 -33.6677 -11.8806
3160 -16.6576 34.6008
3161 -8.45906 16.3138
3162 -29.2164 9.95783
3163 28.9964 -21.2364
3164 7.21408 44.3699
3165 -15.9262 -15.4755
3166 21.8605 8.4196
3167 19.6198 -8.30434
3168 -10.3248 7.22373
3169 18.6002 -32.828
3170 -11.4918 -10.4406
3171 50.0185 30.1444
3172 -15.3622 77.3267
3173 5.09162 -14.9706
3174 3.93306 46.8534
3175 -17.2296 21.9776
3176 -9.78911 -7.11075
3177 64.6041 -10.5088
3178 -12.4865 -40.0109
3179 -9.81463 -1.65527
3180 -19.1318 -7.60778
3181 7.02526 9.26834
3182 8.43377 -15.0403
3183 -55.691 -14.996
3184 -53.0951 -0.228736
3185 18.61 -7.82621
3186 -21.7305 -38.0872
3187 2.62988 89.4962
3188 -8.39337 -47.8272
3189 4.20506 -8.31979
3190 1.83225 57.2017
3191 -11.4229 -39.5724
3192 -25.4093 -15.446
3193 -33.4259 43.1249
3194 -1.5426 -28.9724
3195 45.3576 32.0579
3196 -18.6306 -22.4051
3197 36.0963 14.4655
3198 27.9397 1.53799
3199 21.0088 -12.2431
3200 13.8717 -0.368768
3201 17.3106 25.9473
3202 -22.1027 7.98857
3203 65.1909 9.82025
3204 -11.4998 -24.3724
3205 -13.1181 -12.2218
3206 -55.7782 -17.3224
3207 11.7224 -31.5484
3208 -7.02897 24.6317
3209 58.9814 -13.056
3210 -30.8418 19.8322
3211 -51.7568 13.3913
3212 10.548 -19.8263
3213 2.35065 -10.2895
3214 -26.8023 0.848754
3215 -8.13689 -15.0278
3216 2.41164 -15.2905
3217 5.38993 -0.0449307
3218 -5.35613 -16.3819
3219 21.2143 8.78624
3220 -30.991 -19.5792
3221 -17.1871 23.9648
3222 27.7073 -2.31535
3223 41.9627 2.63001
3224 44.7071 -22.17
3225 0.593517 -5.92208
3226 27.9775 -34.6018
3227 -12.3387 -8.38733
3228 0.768649 1.30429
3229 -32.851 51.8993
3230 4.41585 -9.91091
3231 14.8392 -30.2932
3232 -33.66 -13.0196
3233 -36.5112 -18.5142
3234 -40.0436 -6.32142
3235 -10.2001 2.21354
3236 -6.229 24.8229
3237 -19.9221 26.5339
3238 8.59444 -11.6286
3239 2.52368 -26.5899
3240 -32.9035 10.0622
3241 2.00396 -33.1774
3242 6.79574 -12.7427
3243 27.3667 -9.38113
3244 28.227 -36.6276
3245 -29.5806 17.4454
3246 37.3301 15.5367
3247 31.2784 48.7257
3248 -2.03918 24.9582
3249 1.13852 -27.7156
3250 73.6144 -39.8438
3251 -17.0882 32.948
3252 28.7119 -18.0905
3253 33.2935 14.7614
3254 -40.2774 -10.0095
3255 -16.9175 7.95061
3256 -28.5227 1.54748
3257 38.3664 -11.7338
3258 -0.953277 -56.4469
3259 -0.306448 15.1597
3260 7.464 70.685
3261 -2.03156 -0.624476
3262 6.16192 -14.4879
3263 0.0123075 -38.8756
3264 26.9012 1.08882
3265 21.1893 -14.8148
3266 -27.6628 35.4321
3267 17.6322 3.50983
3268 29.6348 28.4193
3269 9.57085 -33.5016
3270 1.84624 9.64617
3271 6.4057 14.62
3272 -0.575519 1.424
3273 13.7845 -20.4571
3274 27.0539 -31.7504
3275 8.80293 -7.6411
3276 -73.0942 -4.91536
3277 -19.0096 5.83326
3278 -13.4483 12.2236
3279 -1.47482 1.17566
3280 -2.37618 21.1437
3281 -21.5745 17.6935
3282 -49.1853 -28.3297
3283 -25.2932 -32.6199
3284 -31.2834 -19.136
3285 56.5595 -8.72502
3286 -63.0693 19.0003
3287 -16.2582 -32.2787
3288 28.2847 15.9157
3289 -5.80904 27.8787
3290 -44.2811 11.2296
3291 -23.9156 7.29474
3292 13.4831 -8.30436
3293 5.80314 -5.03946
3294 -5.72455 -3.12491
3295 3.96676 -21.0706
3296 10.802 -19.3527
3297 6.32569 35.71
3298 8.48721 32.6638
3299 -7.964 -21.8488
3300 -1.5825 32.3254
3301 27.3931 13.8
3302 -6.80463 -54.487
3303 10.2588 18.5533
3304 0.996542 24.6127
3305 36.858 28.3402
3306 -11.6877 1.19446
3307 -55.1742 20.556
3308 -15.0407 28.2591
3309 -9.90257 -18.3059
3310 61.4525 25.3513
3311 30.4883 -23.1124
3312 -15.8186 -3.81378
3313 -30.8173 14.6455
3314 -24.4281 -21.8924
3315 0.621288 -18.1068
3316 10.9334 -14.2845
3317 8.12334 6.4622
3318 -19.6144 -16.1001
3319 -14.0466 12.0229
3320 -11.8078 -0.813416
3321 13.8443 -8.97199
3322 -17.6052 10.8029
3323 -0.064811 7.74665
3324 -12.7595 -38.0967
3325 12.146 -20.6402
3326 -27.4586 -32.5786
3327 41.4986 2.05886
3328 0.599158 0.242092
3329 62.0657 -44.6901
3330 -42.2717 -28.4086
3331 2.78824 31.3657
3332 28.9229 -22.4602
3333 -9.97238 -28.6676
3334 6.5214 -29.5532
3335 -1.07688 24.3611
3336 32.7851 29.8024
3337 -70.4038 -0.0596703
3338 13.9553 -11.4404
3339 -25.8181 49.569
3340 34.309 12.5329
3341 -39.3264 0.348387
3342 28.571 9.54239
3343 40.2577 -9.69913
3344 9.94391 -4.48029
3345 -5.85668 22.2039
3346 -0.531711 -11.7717
3347 6.10557 23.3009
3348 -18.1024 -4.03371
3349 -25.8087 0.929066
3350 -41.2347 34.4757
3351 15.4932 -9.32381
3352 28.8214 -17.6972
3353 -28.7248 36.4011
3354 6.8414 4.68844
3355 11.5253 44.691
3356 -33.6834 -7.63299
3357 -4.38955 28.5754
3358 -40.7882 19.6108
3359 -11.2093 -2.90534
3360 1.81095 -2.43631
3361 -11.6571 5.60394
3362 33.4657 24.1975
3363 -82.9729 -0.340212
3364 9.11365 29.0282
3365 -24.1294 6.17661
3366 -25.3381 -29.3868
3367 -14.8902 11.4624
3368 -7.51415 -22.1909
3369 -11.2135 -17.224
3370 -8.57445 -42.1293
3371 51.0966 23.5812
3372 -17.4117 -12.8925
3373 -4.86792 16.3921
3374 -24.0925 2.71117
3375 -23.6708 -38.0892
3376 4.32577 -26.6968
3377 12.0049 -43.3486
3378 8.22001 -0.300493
3379 -22.8589 -1.10847
3380 -15.8818 -49.4186
3381 -6.89755 41.2403
3382 31.826 0.342391
3383 -9.89325 20.3261
3384 -32.1263 -4.91943
3385 -19.1931 -34.3715
3386 43.0805 -25.5892
3387 -18.2347 18.588
3388 -33.5935 9.20655
3389 -55.1274 14.6037
3390 5.21811 -37.9042
3391 -14.078 -21.8889
3392 50.6515 -8.46266
3393 -14.4374 42.067
3394 4.66561 -18.6925
3395 9.23492 -44.5271
3396 -25.7064 -20.8793
3397 -5.02273 -14.811
3398 -3.70726 -17.4043
3399 -4.98438 5.01854
3400 6.88081 19.9392
3401 -54.2191 56.1314
3402 0.292847 -26.5877
3403 55.0605 54.1957
3404 -35.3772 26.5455
3405 -2.91472 23.3753
3406 36.0193 -12.494
3407 -1.14075 -16.5363
3408 30.5284 -28.8644
3409 18.0712 6.17604
3410 0.0768893 -22.7774
3411 -39.632 -35.7802
3412 -45.0445 -41.2943
3413 9.56478 90.0118
3414 8.72334 -16.9281
3415 14.9186 -18.7612
3416 -4.71294 -6.97458
3417 -38.1197 0.936943
3418 -21.5728 -3.89785
3419 -25.9943 -45.91
3420 -11.9085 39.7096
3421 -10.5747 32.5956
3422 -17.244 -60.5574
3423 28.3504 12.7091
3424 21.17 1.28868
3425 33.502 9.78814
3426 11.4347 -16.2903
3427 -45.8487 12.2873
3428 27.5952 -53.6368
3429 26.8519 4.03998
3430 21.9473 -12.4451
3431 -12.4167 -48.6222
3432 -3.74433 -10.6019
3433 35.8175 -13.3775
3434 -17.2827 4.00667
3435 20.5413 -62.8042
3436 9.89539 28.709
3437 -27.0619 8.75503
3438 18.0316 3.12716
3439 -13.2543 -63.8236
3440 10.1661 -10.3376
3441 26.724 -23.1184
3442 -26.9995 -11.9546
3443 25.0642 -80.2511
3444 -16.4903 8.84439
3445 -9.36235 -26.5712
3446 12.4142 21.3937
3447 -15.5773 29.1972
3448 -27.36 -11.5282
3449 -17.0329 0.114411
3450 45.7452 3.81737
3451 -35.303 33.4587
3452 -1.11072 6.72048
3453 -0.326431 -12.2321
3454 14.4617 -31.435
3455 -37.8435 10.9375
3456 -5.72195 -14.4915
3457 30.5116 -19.341
3458 20.3232 -20.4333
3459 -3.40005 7.50045
3460 -36.4832 12.6408
3461 11.6338 -14.6014
3462 -6.79755 -11.5734
3463 -1.47187 8.0909
3464 -31.1999 42.6888
3465 -23.8407 10.121
3466 33.6838 17.3913
3467 14.7673 10.642
3468 -28.3021 -20.1666
3469 -8.36352 -30.4301
3470 10.2054 30.7121
3471 16.8035 6.91666
3472 -42.3541 63.522
3473 37.3044 0.954024
3474 -6.60935 -25.5062
3475 8.16813 -31.0807
3476 -7.1713 12.4452
3477 -14.2613 -13.0994
3478 -12.1301 26.8942
3479 -13.5884 19.1113
3480 -8.43304 -16.1523
3481 -19.4836 38.0742
3482 -7.29824 19.9434
3483 1.54372 -28.6431
3484 36.6568 11.3334
3485 -28.8854 -40.0562
3486 9.09924 9.2418
3487 55.0237 -3.40485
3488 -11.595 -31.9423
3489 -19.4786 31.0619
3490 5.29373 21.5365
3491 56.6885 -14.7373
3492 27.1867 29.0287
3493 -13.98 -13.2048
3494 -12.7007 13.7342
3495 -6.69271 -9.99458
3496 -44.2997 59.6506
3497 14.1153 49.4108
3498 58.898 0.689447
3499 48.8016 44.5892
3500 13.6776 -27.2752
3501 33.5822 -0.254022
3502 -25.1866 -30.4915
3503 -24.9756 -2.74005
3504 -11.5403 -1.98536
3505 -29.6751 8.15715
3506 -11.9881 33.3883
3507 3.6996 17.7308
3508 32.3057 -48.9431
3509 -21.215 -5.97411
3510 53.4397 -4.53362
3511 -22.7541 -35.3553
3512 -1.43393 -39.6197
3513 12.2627 -6.88893
3514 19.0907 -36.2912
3515 -2.26106 5.56544
3516 19.7018 -16.9108
3517 -51.0631 -13.5879
3518 -52.9677 -21.5549
3519 70.4922 -25.0721
3520 1.31844 1.61146
3521 -41.97 0.398815
3522 29.8401 -19.2856
3523 -32.211 33.4178
3524 -23.9709 33.4052
3525 -14.4044 44.9152
3526 -3.0943 -10.2578
3527 6.59475 -31.6923
3528 34.9331 -21.87
3529 33.0796 -17.894
3530 -0.90789 -30.1012
3531 55.6271 16.1439
3532 -20.1612 14.0437
3533 24.2897 8.77838
3534 -13.5235 60.8163
3535 -28.493 31.1312
3536 -32.9622 28.8207
3537 35.0605 21.7389
3538 4.40288 14.0568
3539 6.53653 25.7104
3540 0.963197 -14.5301
3541 -3.40184 29.3427
3542 12.3056 3.00307
3543 24.3035 -3.04313
3544 -16.8139 -19.6242
3545 -22.7244 -6.82645
3546 22.5906 -13.5274
3547 -13.2492 -6.92926
3548 -10.5385 17.9378
3549 14.9251 -8.29373
3550 29.336 -13.5909
3551 96.9759 -15.1418
3552 -7.11625 -4.05279
3553 76.6699 28.4973
3554 -27.5547 25.5781
3555 45.334 45.2872
3556 -2.70566 0.574901
3557 34.9316 21.1958
3558 13.6042 42.9135
3559 -23.8665 -3.9259
3560 -26.7493 9.69458
3561 -5.76656 57.9091
3562 -7.56643 -8.84677
3563 25.837 -63.0398
3564 12.0283 -21.7991
3565 -40.2854 -11.3065
3566 39.4217 24.4375
3567 32.6753 0.544278
3568 -32.1536 23.8473
3569 20.3885 -5.43395
3570 16.9487 -26.9571
3571 37.0448 -41.4683
3572 -0.849251 21.5373
3573 33.3007 21.8916
3574 0.137897 25.6176
3575 14.5351 -26.1004
3576 7.12543 4.73271
3577 4.27181 -21.0769
3578 19.504 2.61363
3579 -2.21818 8.08412
3580 10.4524 15.9255
3581 15.4265 38.8854
3582 7.35811 6.78148
3583 -12.6671 -23.8656
3584 -14.4922 -36.678
3585 -4.46034 -31.9454
3586 -7.28997 4.04019
3587 0.206318 -46.5896
3588 1.59432 -5.48065
3589 -18.4521 -24.5891
3590 -36.385 -22.4786
3591 24.8527 -2.94189
3592 41.3167 64.7064
3593 12.9837 70.7969
3594 -8.20401 10.3775
3595 11.1973 -10.3555
3596 -47.6142 32.3635
3597 52.978 -23.9492
3598 48.0027 -6.78871
3599 7.06393 58.3667
3600 -50.4774 -31.1937
3601 35.6146 30.0948
3602 5.49705 40.0168
3603 -18.0505 17.2488
3604 7.93946 25.7399
3605 -60.7594 -22.997
3606 24.7709 -41.6342
3607 -13.7459 -12.8237
3608 6.12526 -31.6489
3609 -27.7102 51.7727
3610 10.8017 2.68875
3611 -5.87119 -15.7948
3612 -25.8832 -21.5384
3613 -26.845 -5.58342
3614 6.68781 -17.941
3615 -13.2968 -8.19897
3616 2.46857 12.6416
3617 -15.6249 -23.4292
3618 -21.7758 15.4273
3619 -5.79975 35.6736
3620 -33.6281 -5.31838
3621 8.68555 -16.4481
3622 24.6804 -13.4718
3623 -3.00909 -22.5576
3624 -11.2471 17.8813
3625 24.3769 -9.0731
3626 7.36166 0.969303
3627 -40.5757 -32.3998
3628 15.8261 -19.6063
3629 -36.2742 79.9573
3630 25.5013 -6.40937
3631 -43.1989 -35.5885
3632 15.0172 7.15111
3633 39.2223 4.66438
3634 -5.56474 20.3661
3635 37.5588 -33.2196
3636 11.0087 29.741
3637 32.2825 20.3586
3638 1.44454 3.49412
3639 21.8968 -36.6088
3640 21.8346 11.6762
3641 0.950141 -7.91835
3642 -18.7851 -21.2923
3643 -33.3786 -32.144
3644 -0.341548 14.1982
3645 25.9341 24.9312
3646 17.9884 27.5389
3647 -18.6847 11.7956
3648 14.9622 1.88212
3649 10.1884 20.4038
3650 17.247 -8.8959
3651 -4.14927 5.68421
3652 1.85601 -3.69273
3653 32.1323 46.1418
3654 -3.81261 13.6355
3655 -4.04212 -65.1906
3656 2.83397 6.34628
3657 0.601313 9.64006
3658 -24.1378 25.4505
3659 -4.94577 48.1963
3660 15.6043 11.6007
3661 -20.4614 0.816303
3662 0.229622 26.6739
3663 21.9111 -48.7387
3664 -32.346 -17.0944
3665 -56.9262 20.9242
3666 11.0742 1.32776
3667 11.4582 17.3694
3668 -37.3993 -12.0597
3669 2.12052 -38.9883
3670 44.767 -11.059
3671 -41.1208 -2.74013
3672 16.6765 33.0846
3673 -2.77841 40.3569
3674 -44.6776 -43.7769
3675 -7.47444 8.34965
3676 21.9108 9.03488
3677 -15.1582 -4.93784
3678 5.26347 0.0939798
3679 0.868083 19.6852
3680 -13.0966 -9.01482
3681 -11.9452 -3.37829
3682 19.9232 6.31078
3683 31.3911 40.1844
3684 6.23395 22.9822
3685 -3.40151 62.9885
3686 -12.6496 -11.9055
3687 15.8088 34.5613
3688 19.6029 17.304
3689 -32.7014 -17.0873
3690 -51.3972 -16.2945
3691 -5.54459 -29.6534
3692 -16.4708 -17.0219
3693 -41.535 25.4864
3694 -0.131777 -26.6491
3695 20.0125 27.0237
3696 -23.3484 -27.0072
3697 -28.3162 29.243
3698 -6.70513 8.19675
3699 2.03547 14.2779
3700 -6.58814 22.0995
3701 28.1928 -4.51197
3702 -10.631 20.0061
3703 -16.7308 2.01293
3704 -4.59809 59.1049
3705 28.8945 26.5745
3706 -12.6547 10.646
3707 18.3982 -36.9254
3708 16.1754 -46.3705
3709 25.7874 27.9725
3710 -24.9755 9.69384
3711 31.1787 -20.0644
3712 4.11976 -8.74734
3713 40.49 -12.1418
3714 -31.2583 13.7145
3715 3.89946 -49.1071
3716 -36.032 -15.6721
3717 -10.7081 -17.2128
3718 -6.43315 -14.8385
3719 -8.9244 -16.8452
3720 -15.7841 25.0611
3721 -6.05215 38.7674
3722 -17.9813 -49.7913
3723 35.6582 -45.1615
3724 13.6879 32.6965
3725 -33.6677 18.7172
3726 -20.1632 6.12311
3727 35.4117 21.0119
3728 25.5596 -24.6237
3729 -11.2016 -24.3965
3730 -19.4844 84.0059
3731 43.3668 -17.618
3732 -0.740663 -2.23589
3733 -8.10696 26.0756
3734 -21.3593 11.4745
3735 -4.92935 54.2435
3736 -8.28475 -16.4351
3737 -10.2158 20.6376
3738 18.7423 4.18362
3739 -17.3347 -4.64741
3740 12.8664 -29.3268
3741 10.1341 1.41781
3742 -15.6673 -18.7763
3743 7.44131 12.3018
3744 -15.0526 11.9507
3745 -20.1676 41.0622
3746 -27.1297 28.9194
3747 -31.207 5.75197
3748 18.8863 -7.47666
3749 -21.8855 -12.0556
3750 11.1438 -11.1594
3751 -26.5428 30.2357
3752 -15.4736 26.9393
3753 21.4835 -48.9792
3754 -40.5893 -25.855
3755 3.46732 13.3219
3756 -3.19582 -29.7919
3757 30.002 34.2816
3758 -2.35812 30.7517
3759 1.587 38.7447
3760 -22.7465 -26.5856
3761 -30.8693 49.2854
3762 14.8038 -32.3537
3763 17.5596 53.1527
3764 32.5526 4.42
3765 51.3499 -36.294
3766 14.3969 22.0951
3767 10.3467 12.9627
3768 -10.435 18.0437
3769 54.8219 49.7742
3770 -22.565 -18.004
3771 -11.2925 -4.17021
3772 10.5452 -26.7531
3773 -2.65369 -12.154
3774 50.3761 32.5613
3775 23.9602 -22.5194
3776 -11.6794 -3.84433
3777 -49.6435 10.4801
3778 -17.341 -15.6778
3779 10.9999 -24.825
3780 1.64136 5.8905
3781 -2.92894 -3.55358
3782 -0.799173 -36.4218
3783 -20.8746 5.53254
3784 19.1864 38.3382
3785 59.7555 12.6004
3786 -16.666 -6.59991
3787 28.4728 5.27463
3788 -11.3487 15.2972
3789 -21.9464 52.6258
3790 4.02032 -25.0794
3791 24.0853 17.3742
3792 -6.5716 24.5989
3793 -5.56669 -36.667
3794 -13.0127 28.0105
3795 24.5679 -27.7462
3796 -20.4535 14.0125
3797 -3.46211 26.7105
3798 26.2062 -37.3891
3799 9.50615 14.205
3800 14.0268 -11.5716
3801 -14.3115 -33.1928
3802 -7.8343 -43.6683
3803 49.3133 29.5744
3804 -7.09431 -1.10509
3805 -13.7481 4.66359
3806 -2.79498 19.5429
3807 24.6441 31.3343
3808 -0.385327 14.5182
3809 -10.2775 -1.62441
3810 -26.8951 27.7739
3811 -22.4869 19.2027
3812 -6.94461 3.1917
3813 2.75952 13.1551
3814 17.3041 13.8132
3815 -19.9031 -34.871
3816 -14.6399 30.8115
3817 17.0248 -1.26174
3818 7.68123 -13.6726
3819 6.79865 14.4652
3820 7.54375 61.1667
3821 2.79671 20.0578
3822 -10.8179 3.16142
3823 -15.5869 24.7015
3824 -34.2476 -42.2296
3825 -29.535 13.7082
3826 59.1392 -13.4386
3827 45.603 -25.386
3828 35.8132 -11.3758
3829 16.0476 -16.8566
3830 19.1869 7.48285
3831 9.81928 -30.1323
3832 7.23372 10.7803
3833 -76.0847 13.7778
3834 -11.4724 17.0307
3835 7.08545 -22.6431
3836 33.8581 0.778587
3837 20.0703 38.7756
3838 19.6024 -37.5017
3839 -38.9089 -20.3082
3840 57.684 -30.4042
3841 2.63332 -38.6194
3842 5.54252 7.32652
3843 13.0059 18.8763
3844 13.8982 0.218318
3845 30.1837 -16.8754
3846 -28.177 -35.749
3847 30.538 9.25183
3848 -29.6904 -2.65533
3849 20.6025 20.4468
3850 67.5739 -30.6398
3851 40.2467 -2.07312
3852 -4.06782 6.22733
3853 -41.68 27.8421
3854 -23.127 14.4854
3855 8.35531 -38.6799
3856 10.2424 25.4022
3857 -12.2899 -6.01602
3858 -39.4144 -62.0996
3859 19.9085 50.195
3860 3.27434 0.71734
3861 4.26304 9.59966
3862 20.6193 28.0972
3863 -29.1785 31.9054
3864 -2.2463 -34.0732
3865 38.9869 -47.8491
3866 -18.0774 18.6489
3867 -50.0315 -24.4073
3868 2.75417 11.9028
3869 8.28524 15.3339
3870 35.5561 -18.7045
3871 -13.7245 -5.15837
3872 38.8183 3.88967
3873 37.5581 19.2866
3874 -27.9936 -4.80847
3875 25.3743 24.6024
3876 -6.2202 -45.6167
3877 -21.3775 -54.2687
3878 -41.7563 -5.7018
3879 5.86468 -21.2522
3880 -8.87676 -30.8342
3881 -1.54905 -33.1887
3882 -34.1184 47.6961
3883 -18.2433 -28.7234
3884 -13.2135 -2.23363
3885 24.8609 -3.45493
3886 11.8002 -13.0974
3887 -53.1701 61.9204
3888 12.9009 -38.0578
3889 -28.5766 9.39473
3890 18.6911 5.86603
3891 1.88038 -2.57693
3892 -6.36535 7.06163
3893 -28.0361 -46.4827
3894 5.26435 20.465
3895 33.3571 13.601
3896 -14.6684 -17.8718
3897 -23.6424 -17.2615
3898 35.085 -17.2318
3899 40.7648 -52.2978
3900 39.3732 24.6241
3901 13.0021 6.62557
3902 -2.79698 -28.7727
3903 -17.1541 -20.3048
3904 46.9464 -6.96516
3905 -9.77431 -13.1055
3906 3.82536 3.39175
3907 -23.4548 -19.5088
3908 4.10898 -7.82458
3909 32.9675 18.0776
3910 -5.02385 -22.53
3911 -0.821214 -13.7888
3912 -4.0468 34.3706
3913 10.3811 -10.3108
3914 -13.6008 -30.1755
3915 48.9738 -15.4175
3916 -2.73205 -47.4349
3917 11.0988 33.5031
3918 -47.1228 25.6883
3919 32.7778 13.0857
3920 -14.4944 18.1605
3921 -2.20347 -37.5898
3922 22.6307 21.0892
3923 1.24735 5.13083
3924 6.36989 25.0285
3925 18.1252 -1.54087
3926 -6.41172 -8.06819
3927 3.67048 25.8582
3928 -0.790554 -44.85
3929 13.2789 24.0015
3930 22.9463 11.1981
3931 2.57795 10.7135
3932 -3.07435 14.7608
3933 25.2838 -6.70672
3934 -9.95658 -12.2768
3935 10.3107 2.13448
3936 24.4778 -0.556211
3937 21.6078 -57.3153
3938 22.292 -9.27866
3939 -21.1297 -13.0844
3940 19.1289 8.15807
3941 -58.8402 -22.7962
3942 -24.8738 23.2929
3943 19.0239 17.9109
3944 -0.423886 -14.0776
3945 6.87846 27.3567
3946 -43.0351 41.3115
3947 31.8984 -19.7656
3948 -2.18779 40.1603
3949 -44.847 26.4584
3950 20.1277 -22.1789
3951 24.4253 38.0436
3952 -49.4087 57.0579
3953 -14.4274 41.9789
3954 -12.5096 8.0928
3955 20.0212 28.726
3956 3.22854 -24.6038
3957 -16.1395 28.0529
3958 -21.1721 2.04265
3959 -8.77278 -16.3826
3960 -15.0318 34.9642
3961 -10.445 56.2392
3962 -32.3318 13.6765
3963 -38.7758 -15.5687
3964 -21.1809 -51.9128
3965 -2.72798 56.1238
3966 19.1189 -31.6179
3967 8.78828 23.0409
3968 34.2309 14.3551
3969 -15.0244 -1.35806
3970 2.89354 46.0101
3971 47.0683 -21.3694
3972 65.1704 -2.46585
3973 43.9996 -32.5329
3974 25.543 47.6972
3975 23.9654 -5.25394
3976 -36.5412 13.003
3977 20.107 -37.2771
3978 7.44919 -0.743798
3979 -12.0312 48.2855
3980 9.0384 28.2108
3981 -40.2259 36.5786
3982 13.8373 -11.9926
3983 6.81998 45.849
3984 -3.49896 -24.6802
3985 3.42714 -17.8304
3986 28.0536 20.9825
3987 -15.5288 11.1608
3988 27.8758 76.771
3989 22.7375 -14.4138
3990 -8.82159 4.19333
3991 -57.9973 13.3657
3992 43.7198 27.5123
3993 -22.1136 13.0069
3994 21.4596 -3.3868
3995 -14.2352 -7.96173
3996 -6.85003 41.956
3997 0.0915555 -26.1309
3998 -3.29815 37.9832
3999 31.1148 -32.9778
4000 1.54663 34.4864
4001 8.21989 -8.31027
4002 -24.7985 -12.7699
4003 -53.7008 13.5826
4004 -31.7727 17.4092
4005 -20.4039 11.3123
4006 -42.4815 -10.2324
4007 21.9501 -29.749
4008 48.9678 -24.0581
4009 -1.59838 -9.55396
4010 30.8627 -16.338
4011 6.90914 26.6924
4012 34.0433 -1.0895
4013 -0.873769 12.286
4014 6.69211 -27.354
4015 -3.1669 -29.5008
4016 13.7512 -7.90353
4017 21.0929 5.03579
4018 -7.54656 -33.1322
4019 -19.785 -2.75125
4020 -19.4757 -79.0967
4021 20.5021 -14.9488
4022 -31.2193 -68.0986
4023 -59.1026 53.2637
4024 16.8357 35.0112
4025 43.2834 11.2193
4026 45.546 -7.16999
4027 -19.2353 39.4171
4028 -31.517 -5.52497
4029 -44.9116 -16.9893
4030 -13.2641 15.3767
4031 41.8609 -14.6144
4032 -15.3964 -27.6354
4033 41.1042 1.90624
4034 15.5343 -0.694621
4035 27.2772 -14.9261
4036 -10.7124 -7.30948
4037 -37.7155 36.3898
4038 -9.20463 17.063
4039 20.4083 -2.43618
4040 33.2126 5.08129
4041 26.886 0.659915
4042 18.2411 19.1912
4043 -44.4378 -34.8492
4044 -5.31938 16.2996
4045 -22.6402 4.154
4046 -10.8638 5.67578
4047 2.22426 20.8991
4048 -7.01364 9.78689
4049 35.8541 28.4714
4050 25.8704 5.46277
4051 -23.6567 2.61093
4052 5.28158 -4.94329
4053 -5.31893 23.3537
4054 22.2504 -6.55606
4055 38.1751 -6.94083
4056 71.7948 -21.7874
4057 1.47114 -40.3314
4058 -7.87464 4.86633
4059 39.2912 -70.9764
4060 -28.9152 -16.2348
4061 35.9653 -2.70662
4062 5.49134 32.6929
4063 -7.57781 33.6341
4064 -8.70663 -8.17455
4065 -24.1291 4.43562
4066 -8.36716 18.8694
4067 -41.221 -1.13872
4068 -22.7613 24.2923
4069 -3.28209 18.0074
4070 -13.3246 0.0803719
4071 -31.1596 11.4029
4072 -37.5213 38.7885
4073 -19.4905 -46.1556
4074 12.0707 -34.5713
4075 -8.90212 -26.1541
4076 3.24245 -4.82935
4077 -5.20761 -17.0327
4078 36.395 14.9089
4079 5.18224 63.2525
4080 -13.0306 13.0263
4081 10.018 7.88446
4082 38.7199 -31.0238
4083 25.5677 -11.292
4084 -28.4846 19.7396
4085 -37.9264 16.0879
4086 -49.4295 11.6266
4087 -20.4402 -20.779
4088 42.629 7.88175
4089 49.9043 11.6645
4090 -36.5995 2049.91
4091 31.254 -12.4359
4092 -7.6668 2067.78
4093 -7.9673 12.3286
4094 25.5728 2055.73
4095 23.3208 0.182547
